track_id,tempo_bpm,energy,valence,acousticness,instrumentalness,speechiness,loudness_db,danceability,duration_ms,key,mode,time_signature
track_0000,114.14151239263293,0.5958320632720986,0.4942629931131761,0.24202922783696407,0.013731426123027008,0.06994660476596844,-11.323011793027383,0.47218256262676667,133964,10,1,4
track_0001,73.80047681278513,0.8634267523996264,0.4153941149020644,0.4207311257847817,0.35205880767581177,0.02,-22.57975401575968,0.7154568770212525,371739,8,0,4
track_0002,127.51353587419372,0.2209497275111625,0.23816633451126482,0.277900920513945,0.09499170116091235,0.30159724028048296,-9.239642625422235,0.3691332654027059,234755,2,1,4
track_0003,133.2169414917364,0.20434727125180013,0.7867652424674774,0.47197797047736323,0.5443555409625368,0.08378440051622016,-15.57596124038404,0.5512879982664749,395937,3,1,4
track_0004,46.46894434038491,0.5200600494049117,0.9271532651079026,0.184445178954234,0.06845375501607658,0.4796133916243327,-14.846094595399562,0.2544304428192757,217078,5,0,4
track_0005,65.93461479413045,0.4676237342298549,0.7707717082433135,0.579317155096989,0.030835972370934425,0.3172591284969972,-14.113761504132805,0.3453821985803523,198288,0,0,4
track_0006,108.83521209501856,0.30855604305076967,0.6700263274098845,0.32896898950121445,0.25480555718850556,0.23587422943898556,-12.944700092814685,0.5144000124339771,297351,10,0,5
track_0007,95.51272222969253,0.07048937702261314,0.16519029627778742,0.6863533614385461,0.39989705571435263,0.36649679728044915,-28.668745664745924,0.41120832843849825,349519,7,1,3
track_0008,104.49596527487134,0.8009715155348085,0.19385642383724905,0.29074574096361483,0.7621658043268086,0.02635505973539461,-14.599999923844559,0.6194744790284297,304717,7,0,4
track_0009,79.4086821727926,0.5896279537329449,0.5841976465892786,0.39684393166019094,0.18606509504554625,0.0659984922728522,-18.189142818223388,0.2997411706521647,130255,2,0,4
track_0010,131.38193924588487,0.7629838995199956,0.8044666800283328,0.1574153516449436,0.5209517251685291,0.02,-15.57179547506898,0.08608986906595319,409073,5,1,4
track_0011,128.33375806286844,0.8600538551022132,0.34161613748398056,0.3232013233514219,0.4209575425187633,0.02792906781729517,-9.419546445104414,0.39826030228470777,405865,8,0,4
track_0012,106.98092092683648,0.4229594661605227,0.8726062241827333,0.40774991011413536,0.3561645729359481,0.026364167898408012,-16.983034910773345,0.24078381678800587,194925,0,0,4
track_0013,138.81723620904097,0.6732685461856494,0.20906033244462596,0.4346488934670319,0.24918949884582658,0.04763446921864879,-18.63395928766427,0.28214666383226783,139688,9,1,4
track_0014,119.02528026756137,0.4316779460979558,0.3160161426997948,0.6070244351105376,0.397612886808518,0.020216674343337227,-12.125794251674396,0.26364062144357037,198752,3,0,4
track_0015,79.22122611350285,0.4811195463370746,0.6790005268680402,0.1258605978411728,0.03426989070795761,0.04331689395240732,-21.080632331396124,0.44606580833477444,385384,7,0,3
track_0016,116.06252352247496,0.8946055016046166,0.35467794359393123,0.6222241833351553,0.3093476764831989,0.03732319556979606,-6.837805136343327,0.13499821324415637,378291,8,0,4
track_0017,76.23352197513003,0.45485892090719937,0.12847258016972998,0.5009309676716297,0.07763347519216181,0.04945686949244235,-2.3376255702636826,0.37835850632027895,281515,9,0,4
track_0018,131.35350903921818,0.5919538111194621,0.8196428994993569,0.12099511190545595,0.06232716991269427,0.10569826292237405,-22.29374945407992,0.7007661581762797,387964,7,0,4
track_0019,103.50222267041241,0.42844106193800935,0.4157724178702741,0.7712037896106687,0.07559786650387149,0.02,-10.256525148101767,0.4576452394352107,218595,5,1,4
track_0020,99.45412909364218,0.27774605634319904,0.3325394172902944,0.3996085780221783,0.24119496270744842,0.02,-5.021929457206728,0.6864464604257862,150668,11,1,4
track_0021,84.57211366788175,0.7983563667943789,0.18271617801116302,0.3452541885552448,0.11910469195596016,0.08824765916926378,-16.834001689965824,0.21551829066989303,414904,0,0,3
track_0022,141.6762401602209,0.16558300954062496,0.5976684966222447,0.6559077866140851,0.10985807042674692,0.02702591295776781,-17.528102967487715,0.3415575016101968,230000,4,0,4
track_0023,100.36411553793593,0.16182281420393857,0.1962042462434363,0.0697098870496157,0.05152561854780654,0.11609592574009653,-17.619299007075284,0.6201305566879262,352043,4,0,5
track_0024,92.15016533510678,0.8287140309710795,0.13078217682537935,0.5568048275328406,0.6146200643536079,0.19632475806749328,-6.5835088842760054,0.5745707902888693,282337,9,0,4
track_0025,94.43599348535311,0.1845196115849405,0.31340099443203756,0.11561149876792455,0.16237514047147025,0.17120807705279928,-6.026435505929296,0.379587120823155,340385,8,1,4
track_0026,120.96927556660046,0.35608934554548966,0.6703979047257832,0.4346441518679407,0.06322850763285294,0.23281623606765398,-15.55740924006056,0.7091747088966719,368770,7,1,4
track_0027,115.96332193092235,0.4851882934519555,0.3785942919761858,0.4443619177842734,0.16872917582650698,0.1933194501930368,-4.881468798727003,0.5941426168945273,326222,1,0,3
track_0028,117.38197834787965,0.2583440262802181,0.3203947850271323,0.24710837674907735,0.36131840006449617,0.10855838322973704,-21.228238939094442,0.4012321943942636,223497,11,0,4
track_0029,117.92463009023648,0.7633049577413747,0.7459775030471113,0.1562187585653785,0.2633130183334411,0.047846252490788506,-10.937145615349698,0.537634911165169,316950,3,1,4
track_0030,169.24942802611383,0.5975645816629432,0.11237840807667036,0.25718368974910405,0.0821604079368346,0.34459528076322715,-19.193526450715478,0.5805955465074726,297554,8,1,4
track_0031,92.80754950846153,0.3155288431225177,0.7643913521694867,0.4871091333226044,0.4722627106212509,0.3475224563109163,-13.00789908809287,0.26306620367703293,309422,10,1,4
track_0032,89.63271812785388,0.7365174015271257,0.5016821423398073,0.5872289673066965,0.10238219416898395,0.048057895140468,-16.11047261255432,0.22972323515185442,149249,11,0,4
track_0033,80.58681815256367,0.6130476548416032,0.43034491371554573,0.16959642856188858,0.23705118086932303,0.08590784378212717,-20.286374148611134,0.393688021958323,363890,6,0,5
track_0034,123.47938267726487,0.6883046446187376,0.33293398546677516,0.17238158434068135,0.54772451455849,0.15791834731222856,-11.997481999626203,0.5477613290507671,316783,11,1,4
track_0035,138.86916878162674,0.5638116668016938,0.5544966589851523,0.3779721852915267,0.35425679773954527,0.36891714799341907,-21.278829721095967,0.7941347869195887,185711,0,1,4
track_0036,101.58157627035375,0.06076428067422767,0.25860719485471334,0.20420934138927713,0.19556606010910285,0.1423310032133356,-9.682750334500684,0.42101332143268916,301544,8,1,4
track_0037,79.79530569112416,0.25910572422378114,0.7548563172393012,0.16582688270280302,0.04918150508478571,0.09551839736559482,-9.595750259867796,0.48109607495223494,154999,7,1,4
track_0038,80.2655635292628,0.3924220555377849,0.6152437230244489,0.10100456401382049,0.25601538666693935,0.02,-13.317754661119302,0.5893340181204881,379548,9,1,4
track_0039,124.51778363474104,0.4946352991843626,0.8752935842872092,0.515199331865259,0.35345559573288454,0.12949859041498202,-15.820857958178369,0.5527310904454076,279690,1,0,4
track_0040,127.29762513610326,0.25202635432692627,0.3370803697261605,0.6487342960892005,0.4957396563154846,0.2078335992696589,-9.646834999319228,0.29818432634958025,243637,6,1,4
track_0041,121.29462804915585,0.770078162364171,0.16884202455427744,0.29896727416627206,0.4769316141476983,0.19735783902400436,-9.110143432248933,0.34203204992071096,389465,5,1,4
track_0042,85.03470878133916,0.5457186936896979,0.27916259927572346,0.7040846474293971,0.41814768720746665,0.039777257582935405,-16.917226307764874,0.6111393058696623,160281,6,0,4
track_0043,111.96483969200159,0.16326184142936817,0.9331968818697856,0.30959128417257853,0.09431680097669395,0.6226807869115055,-12.94207582017618,0.44614052788316905,300266,6,1,4
track_0044,108.50057427422185,0.9568157527665034,0.5639560823243188,0.5232833144724138,0.1988986011879138,0.5039959501854426,-16.426869204137283,0.5936496283198323,246596,1,0,4
track_0045,111.56065790187039,0.3724206231249361,0.5189765363706694,0.38785065469714514,0.21683218843639876,0.5256966773488014,-11.240407271322415,0.4469115178076095,303418,5,0,4
track_0046,131.1428633384457,0.5280233622752454,0.3871405983596415,0.30824492061176456,0.28722115790793096,0.02,-18.42854202518064,0.9010113531075334,132228,8,0,4
track_0047,111.70786646324046,0.7194960207332968,0.7582314708414539,0.2285932335775988,0.07962107797605067,0.3475767539569964,-12.760755406472377,0.39795205756214025,352643,1,0,4
track_0048,125.36740689215685,0.49000942948036996,0.268631106055778,0.3350980307300503,0.1524405234690098,0.02,-14.6263490486826,0.983962393323518,336511,4,0,4
track_0049,107.02737208466674,0.8495331133214674,0.46643793164246244,0.16365516142524023,0.3747866861844952,0.15084067659977177,-8.656621011144942,0.42840054300911307,325577,7,0,4
track_0050,113.67358196069952,0.5548614747329763,0.6033673734717723,0.10000397370522886,0.36097348895297654,0.1639803062060074,-17.2654792745566,0.648043883857195,357110,9,1,4
track_0051,123.93864677515622,0.2866873467334627,0.749783522224753,0.30860726630283525,0.28713022064045124,0.02104474626093831,-12.374141815574896,0.7568298162725824,165814,4,0,4
track_0052,61.28532540433001,0.5920578671102436,0.5164890100246791,0.4844704982139733,0.1499276807900279,0.02,-16.53878583927807,0.8045381240302695,209589,9,0,4
track_0053,95.40986350928097,0.7076263965074543,0.7781128681647225,0.412493364500325,0.3041566434741572,0.11217862362703088,-23.178400443604104,0.5768541613517195,188205,8,1,4
track_0054,90.88882037121613,0.19482460890922323,0.22404980893961077,0.2778300830313008,0.12843715337046463,0.5023478621856927,-15.528073107046941,0.3924341435863091,344867,5,0,4
track_0055,85.83366455269974,0.9293294519473798,0.36352454157691994,0.528674258491837,0.3251277634699794,0.2727113877224871,-10.220773601461023,0.6096386734781054,223480,9,1,4
track_0056,96.74573246319949,0.5008622094308346,0.7771741319123949,0.6788802498147981,0.03134820300169273,0.040459066813353844,-10.028738608288826,0.4115258803090328,221228,8,0,3
track_0057,149.84823933703188,0.5076344404641823,0.4595409684429377,0.4351434741338349,0.11629702650977426,0.15397698347200106,-17.719024697821755,0.4887567019888943,374910,4,0,4
track_0058,79.0250665292027,0.05453697898607679,0.7713552262230698,0.28580873076389784,0.027039981374686176,0.23799432955486918,-8.104799114861006,0.6862131601077891,285362,9,0,4
track_0059,134.04835063774442,0.3916684989695159,0.4255809136839779,0.4870294487123044,0.23335849544200946,0.02,-6.365748563841806,0.569387882825958,326442,5,0,4
track_0060,54.51390685152586,0.6105338141399715,0.5758814060533329,0.18812907729409184,0.02118672292118795,0.02,-19.557483312618682,0.38134262597940516,264147,9,0,4
track_0061,94.95344910042675,0.6155307260654004,0.16898470815379246,0.7157749636787735,0.3128653788275462,0.02,-13.194798679065913,0.5700619710556082,332541,7,0,4
track_0062,109.88259195315017,0.39513959386997216,0.7535056950969313,0.20190035261853795,0.12963236540510154,0.2462913041229019,-7.614351065089146,0.26783312553225236,347280,8,1,3
track_0063,122.58666994077834,0.2363159945476459,0.5543886607598366,0.19636081194770502,0.14086376402948825,0.021521267954941543,-6.184846053977573,0.8488981890178925,199838,9,0,4
track_0064,126.33679739378564,0.5494269448664121,0.16891062201582852,0.3631681390932121,0.3348881638645302,0.0720789901819664,-12.729005449714256,0.18474237882731212,234741,3,0,4
track_0065,128.80041705599774,0.13776621033608394,0.4694816684175812,0.37914830726304294,0.07308892329506995,0.2279982623663623,-7.32880595763649,0.2224693952161028,319146,4,1,4
track_0066,94.53824783254687,0.7759701742121953,0.2923402436324498,0.4023801840103778,0.00310219775716618,0.028170800626061844,-6.1737813466660745,0.6048088899392884,228132,1,1,4
track_0067,91.12944622006299,0.11882449578001662,0.9153604589318103,0.3970198336078374,0.23746306104414877,0.36893637965922793,-10.567215199255982,0.6967618493950947,319214,6,1,4
track_0068,130.7392764377146,0.7562505392598083,0.36526049470087113,0.545517363139768,0.3227026490769756,0.1861661865437151,-15.649585440040932,0.1200498054433355,241368,8,1,4
track_0069,99.26087025355156,0.34173277094611393,0.11441983580995861,0.27326501083575605,0.2021690792505314,0.3162569438743963,-11.76837172138611,0.881331723409093,352997,9,1,4
track_0070,66.72941029986234,0.7577963787441206,0.7776039715225314,0.281164089075199,0.17899832806207577,0.2525503903443849,-18.026061908813176,0.5907856784963534,171885,5,1,4
track_0071,71.00138357989559,0.2472570671397689,0.726500669771658,0.20816049273803958,0.32080084318884755,0.31290662389928436,-17.7008718821943,0.4339084822012773,409038,5,1,4
track_0072,77.41643141995166,0.18498389772311044,0.43123837299580314,0.17623277215755823,0.4637671647852781,0.07970324731018631,-23.22959756470182,0.25009725126390236,234460,8,1,5
track_0073,119.91482232161292,0.5247396091225468,0.4663193147471159,0.46281733946605164,0.0693695560312377,0.05317328660250694,-8.730317470704875,0.3931024266571955,384253,2,1,4
track_0074,109.27277208211696,0.6714474752895625,0.6006624548338975,0.619507483615152,0.6966216031095154,0.23784334232499993,-7.645110687528348,0.43026692947671985,286472,11,0,4
track_0075,125.71456062203305,0.7515094468172049,0.6115685073504661,0.732457259671838,0.10396399419580132,0.11054920642299863,-25.32447938098402,0.1255618485195107,317974,2,1,4
track_0076,92.18242060990397,0.42384110319295565,0.40539990123057956,0.6582757495775143,0.46298447259057923,0.05947060889552994,-16.845394254808124,0.7117389651622452,315358,8,1,4
track_0077,109.75619073230143,0.31105415271600645,0.5600596012720179,0.1346191368480432,0.8998333043318948,0.3347361836030148,-17.64521866244356,0.3719795835176583,293257,0,0,4
track_0078,123.7677118190201,0.22504972194177358,0.7068783381413112,0.3737308766234094,0.211814662844871,0.3527456300500315,-10.916813506239087,0.27705762735038586,201410,3,0,4
track_0079,95.71960380839285,0.3641383988937892,0.13676105287148138,0.22383413547924297,0.11133300172775194,0.05742460136959404,-14.060662543380548,0.6759951446522009,404974,8,0,4
track_0080,118.70325712672235,0.07131189366316307,0.21355139134864592,0.18369297123410672,0.27168902560955477,0.17575474364799631,-10.117960905993755,0.33777308994330274,270278,11,0,4
track_0081,85.14222176800047,0.3606662002653041,0.3298574883775444,0.32988268464866755,0.09292341337145658,0.299642687199236,-13.845850080110626,0.42726682127835286,234141,2,0,4
track_0082,94.10838460304785,0.7064293118121601,0.29239994687966786,0.2217638640166849,0.3261081771053654,0.3158477502977834,-12.39497006269375,0.592094727966439,390653,1,0,4
track_0083,93.54786318005013,0.5149089433186086,0.9081169522286756,0.5257716332808272,0.1615383227634334,0.5658007488705977,-13.73272186748883,0.24802929823048106,255684,4,0,4
track_0084,69.1248106323288,0.5475812210201015,0.19229628520812278,0.3565212998555156,0.30616349595767334,0.35464472688791576,-6.973955904499444,0.5286509637729973,347218,1,1,4
track_0085,119.60917442356745,0.5230597250128546,0.7097456623298742,0.33260116844113286,0.03516828901161047,0.06566161215701397,-19.911011632682282,0.2637103792098288,190380,3,0,3
track_0086,90.91792979391829,0.5387730924829296,0.15318400020052422,0.9194840150765315,0.32460845833907676,0.17889790370616807,-18.518614221799275,0.037624455422669296,173245,2,0,4
track_0087,105.37482356183062,0.18778547128959935,0.3093725231402063,0.5332927574114412,0.07401020492283839,0.020678374280513372,-19.222140011671787,0.361095239474827,344638,0,0,4
track_0088,119.42239976717727,0.42209171438741866,0.6342751968457666,0.6305233769805052,0.30527437364910254,0.14166494850237696,-11.350963705662517,0.6064280493582498,363492,3,1,4
track_0089,118.39593528089833,0.6573773669372732,0.7721494037662217,0.43175652395123215,0.049324551302327456,0.02334642108398479,-23.788647664808167,0.7953543391334664,283431,10,1,5
track_0090,124.96155326918358,0.4476300827711456,0.19341251434518536,0.4084136154767601,0.23457822716265417,0.3134687397734365,-25.602934653374973,0.5084544492051347,290087,0,1,4
track_0091,102.04543546471729,0.18118280733590297,0.6057235244824896,0.4475887521259253,0.5311296854917933,0.12423283808295592,-9.895705863503867,0.39580734444973864,249910,3,0,3
track_0092,92.30105063867539,0.5043347960061,0.09350111416932377,0.186533146526261,0.3428547263525586,0.05562548469943709,-22.291017777395375,0.5007222374958666,197456,0,1,4
track_0093,102.60845367280803,0.6804871464792908,0.21354255339920397,0.263887062228688,0.3104686960937353,0.17746830609188008,-19.3925579187592,0.4150167554481838,188778,1,0,4
track_0094,54.3799669812591,0.707038239133329,0.6951565225350573,0.5876510226251928,0.27047962349862636,0.6212326045846579,-22.185907656504824,0.5214190791803137,372665,4,1,5
track_0095,61.58662582730738,0.7775711775637195,0.899842323696155,0.77390767726912,0.0059049761814752655,0.4833195286947683,-18.313932770326687,0.5783629843005772,257821,8,0,4
track_0096,65.31901162936794,0.3781832597986862,0.7878637452157563,0.07220691177930261,0.4048441866447129,0.1230293304064458,0.0,0.5116184733146822,346266,3,0,4
track_0097,75.08259517195555,0.5007145210055141,0.7933802597028118,0.4434736669107259,0.6182606451540245,0.130160612561159,-16.025212619424025,0.5561435955898971,304838,3,1,4
track_0098,116.9932268017031,0.303162685306629,0.5410731748670922,0.30648871886736345,0.2116058081444384,0.02,-14.14098812114042,0.5430717276820758,283298,0,0,3
track_0099,77.83562833919818,0.4734357752588054,0.3638518986668658,0.10532770948462077,0.4755642415756496,0.33652173857399614,-20.10334247497135,0.33357050416393547,330092,1,0,3
track_0100,93.6551233788183,0.9041417707260803,0.842057307876466,0.2700509875376104,0.5083471318190886,0.09129392252130902,-14.709793516756978,0.7763729492476258,339299,2,1,4
track_0101,143.97684893358195,0.731504641828799,0.5557103277223968,0.053800711398709865,0.10774820546619793,0.24277172124794935,-8.157461372109497,0.6820871069892592,391646,7,0,4
track_0102,94.31208086815722,0.8528393178280093,0.3334740716820723,0.5908023331057064,0.10404426595578462,0.2624519583312733,-13.38556301656168,0.19770193456499588,222873,3,1,4
track_0103,127.1254670540126,0.17725918375129787,0.15793595311482259,0.22704014125660257,0.03566446990456818,0.2518701472579461,-1.9724812914236516,0.945688129776018,241504,8,1,4
track_0104,76.99146959970369,0.20597053880902788,0.3461896623911758,0.1722801428261059,0.007929550900949536,0.10506239482874599,-18.63160223913091,0.7201980280729678,276779,5,1,4
track_0105,98.8368732639711,0.6565091555439588,0.4645413732400543,0.3938950260065282,0.11204313772029875,0.13617245145221932,-26.88726797279004,0.4782161035659469,212160,1,0,3
track_0106,76.49933835268257,0.6889361489468535,0.40391563749095044,0.21857651837966807,0.1851297929823681,0.26577749325740263,-11.586253405117768,0.7098000087574661,130723,1,0,4
track_0107,94.82900772298312,0.7487799991436662,0.7238862922255668,0.30674808225888284,0.14824722587103967,0.04519088741070579,-11.48566920881063,0.5322708550800541,345173,1,1,4
track_0108,130.20924412372187,0.897714091753803,0.1899095783764244,0.4066456291204778,0.3133113952845838,0.30215300536064205,-13.597104028855135,0.3348264411507326,220721,10,1,5
track_0109,53.18038730422954,0.4612664294328571,0.50418434472839,0.1101460641048159,0.6947611414863427,0.11489779037418324,-22.199649604734923,0.4837921937872141,242760,6,1,4
track_0110,118.03270930637572,0.32396693650788594,0.07319128628863393,0.4364200869445421,0.3456821432466377,0.20860314585024967,-17.289471143983135,0.17975936991190147,145840,8,0,4
track_0111,112.13206806996834,0.3726029392659012,0.30758470120432646,0.20950054586601108,0.355156571340473,0.049311494441154596,-12.809980914474481,0.15371682813631402,304773,0,0,3
track_0112,87.17550132909616,0.9159690030162543,0.8680125445784649,0.45653861360339965,0.19401606026837023,0.23555285100455906,-12.505437922689156,0.4167253767875539,409309,3,0,4
track_0113,61.61826436834636,0.7358906336370592,0.2772073540435547,0.27215378432040227,0.6081094346262875,0.02,-9.974213639152769,0.04591754954224052,317870,1,0,4
track_0114,107.16388523141609,0.851297940677206,0.6312465003510063,0.10787251990428068,0.11095852738006258,0.13146877807133145,-19.948316566257898,0.43027219376237635,156842,11,0,4
track_0115,89.11521872808592,0.0827488646706908,0.14586744728838116,0.0813075105698707,0.13166672349092717,0.02,-25.37709059663628,0.2593824021721768,130708,2,0,4
track_0116,111.98028634064111,0.7968249221020501,0.3254026806969433,0.40973607528319855,0.03747383634173014,0.09653261081225778,-15.08331591248292,0.2786768310840678,248383,4,0,3
track_0117,105.65556436570328,0.19186426490326147,0.48298484739401876,0.7254255142675297,0.7639078151259332,0.12869079308534112,-10.260266812429188,0.23250555348000926,345555,1,0,4
track_0118,153.05336673962745,0.6258491476664884,0.7548092338776082,0.2064533397810877,0.4243337159124256,0.24526827349299418,-21.931825144742866,0.4966072118329069,120133,2,0,4
track_0119,97.81933117580927,0.5360774747093482,0.6025777075358155,0.16244117698385052,0.1732387955822368,0.2138950360083555,-4.476742572208856,0.7695458313518854,395372,5,0,4
track_0120,74.29507522134405,0.1988723526709411,0.5251559136090533,0.5048120439687855,0.08050146760897185,0.2820960081771,-16.05742115079502,0.7404525019935492,349272,10,0,4
track_0121,110.37826904868949,0.6145134253297516,0.22149398344749124,0.6466926164868289,0.45251662246414887,0.02,-7.19582450362493,0.36270892883932676,172767,7,0,4
track_0122,111.59990051915295,0.34661870103074316,0.44641939569906813,0.40342218186924456,0.389215406578522,0.060925904230469084,-3.3656744781073726,0.3832861509364427,144380,2,1,4
track_0123,145.7756272572131,0.33684234899527343,0.4886283276474097,0.1854827116242154,0.005620584016015521,0.38204022826436523,-23.79545209924137,0.7763581191586288,322021,5,1,5
track_0124,130.05333737743734,0.3278314452474132,0.45401968874939597,0.1276432907231922,0.06668070895998568,0.02,-11.064802810255136,0.5385859030796897,310320,11,1,4
track_0125,115.70613177448529,0.26517297417140984,0.7774198736057055,0.7366435356221581,0.46946778638293335,0.03954984133312343,-3.1340760855023593,0.6959878039966818,295512,10,0,3
track_0126,148.89908673658687,0.6419256513680089,0.2386554158675748,0.6990069062461289,0.4253028773978514,0.02,-16.71025545795846,0.4115781169003674,160680,0,0,4
track_0127,69.33710837031447,0.6185920738424587,0.1940742281612786,0.5289555906503857,0.13322779457987904,0.13293176280910501,-2.287139814561508,0.7580224395665848,192986,6,1,4
track_0128,85.80745401750757,0.45839096391162937,0.4676992120137903,0.032743946198731895,0.01694752533379898,0.14327871337516887,-8.033032246949434,0.3098371742644982,196788,5,0,4
track_0129,77.20272175783425,0.23349863768108017,0.6481791930065547,0.58549449912004,0.1081618484783345,0.054356633966941896,-15.979860730361587,0.7095433360964225,165502,9,1,3
track_0130,93.30570590532696,0.3743621010730636,0.6346713331458403,0.5533812521218343,0.06673009217626721,0.35850719910048845,-14.21849932978147,0.23451868199956064,230823,7,1,4
track_0131,63.69941557331074,0.7657161609938332,0.7306860411468817,0.1579025426075185,0.035734416968245024,0.0825021739589318,-23.458756144818786,0.6377206908112915,162580,7,0,4
track_0132,124.05452840443213,0.3869282129600642,0.8154251839143827,0.2907872614662802,0.1376759035224439,0.09808169090021494,-18.086963118430475,0.27036463189780213,265332,5,0,4
track_0133,98.3333190870368,0.6069246648142109,0.31731784693013887,0.4801129403218565,0.19138083964614847,0.34253454419214696,-10.002417126249348,0.6394948032972412,121699,1,1,4
track_0134,60.875811164920265,0.42593241320020964,0.22096741117395063,0.4670009084117237,0.29815840075984523,0.40313328058595144,-15.64530654190164,0.6958784353736254,300279,3,0,4
track_0135,74.53262756377376,0.2321938402152417,0.7741612724123864,0.37763969927259833,0.16805355442761044,0.3665062081267784,-11.922462886610248,0.1834734828118818,236058,11,0,4
track_0136,114.40541542350586,0.41758395436634416,0.42497580863791606,0.5597485996751891,0.27527169951462827,0.1282196996965315,-7.0685593178918324,0.4215115967337366,284059,1,1,4
track_0137,130.14379703683144,0.2404314543112838,0.43849636308059564,0.06028913879327831,0.24380015490876505,0.06324365333473526,-7.295338590087372,0.6985555888786987,251117,4,1,4
track_0138,164.9019267507536,0.43537319006989444,0.5968750029215361,0.12197574703509645,0.2621335171068041,0.3017369285162812,-11.63893856521587,0.5924059782148393,211519,7,1,3
track_0139,192.41587398021989,0.6324023200690264,0.5585090441791538,0.7452392316584264,0.17133665314164592,0.15041302814883903,-17.33259716046082,0.5215073237234751,275313,5,0,4
track_0140,117.43228299827989,0.6617061130459381,0.9527581702558737,0.33882248192235115,0.2636485463527626,0.08591592851035103,-12.920976304551623,0.393130997937425,384833,0,0,4
track_0141,75.31385639904408,0.6732628948073315,0.6151129179551359,0.1905937532640083,0.336492951377034,0.28357370287573086,-12.5783050474757,0.6467103870838292,418408,11,1,4
track_0142,41.038611578060724,0.17363265747446593,0.18340317227089528,0.1476168442588137,0.022168922731635825,0.02,-17.835829476193595,0.4082125361537472,223115,7,1,4
track_0143,113.03134387031507,0.33128474086731013,0.9049465857767335,0.4379416241929139,0.01799163724976557,0.24097395676816216,-11.73975799456419,0.024970713256080215,165789,5,0,4
track_0144,80.61176714069022,0.0897804721210718,0.7235463282718078,0.5859981475564765,0.14275580931034026,0.09065307529489912,-18.84789357492922,0.28245524723166116,409139,8,0,5
track_0145,92.53928219460944,0.738403804626506,0.5012448507417074,0.46129868013127623,0.48974093495441495,0.10322030826349293,-14.101155222252293,0.9292722116612159,346352,2,0,4
track_0146,86.63709602820576,0.3324364733294862,0.6574765618543453,0.23620226958429189,0.10041403397184571,0.20890583466592375,-17.56189038499756,0.524775702608052,317807,10,1,4
track_0147,100.77627340750844,0.5027799882359952,0.4196012629579905,0.21150032007220684,0.36327141065382473,0.033460428848285456,-16.827918874339126,0.04103854646233771,405275,3,1,4
track_0148,136.9794069236293,0.4503375413889655,0.6705650679778665,0.10648589838177701,0.2535542219232447,0.06044668735180307,-8.492678925784862,0.5477254005861709,196626,0,1,4
track_0149,109.71145702336034,0.5771469759377367,0.26004432947098,0.43580479718497167,0.3648022221917441,0.044422254719527224,-8.533799222801733,0.9065548844470366,366314,1,0,4
track_0150,100.24095488883935,0.4096912678160422,0.4339036073719706,0.171212612667976,0.6216045600153824,0.08273815193673098,-15.01440160647418,0.4807694306766932,238583,8,0,4
track_0151,73.93038741522565,0.6529873721273665,0.35629092280616026,0.5152854341004783,0.12753407114054705,0.210826847838796,-6.420722413670693,0.8792204460146997,221950,2,0,4
track_0152,54.75951165886929,0.5258226168689487,0.6175498325043575,0.8224706081186574,0.45605276792186694,0.054879845994266166,-9.5378743654001,0.33016403474612477,277833,9,0,4
track_0153,90.41076272780008,0.3851972397587167,0.5119067585841547,0.4318227820422468,0.2500396269016906,0.09126673710061393,-10.428196217830424,0.8284640296294912,247611,7,0,4
track_0154,103.38652347545039,0.24476515453298345,0.15862437377933458,0.37424600204353603,0.6278281556691565,0.043489827799053,-14.425070190338786,0.5587765568558861,369942,5,1,4
track_0155,158.03789740739649,0.472882994620398,0.5648018419296579,0.6904589538984197,0.3891210277266405,0.02,-9.991014738195219,0.6419610449748263,276151,11,0,4
track_0156,108.90823564418658,0.7382263987253715,0.15819159152200535,0.6363767184883081,0.2070996819982095,0.02,-16.576184043105627,0.4865224603412715,245361,0,0,3
track_0157,134.48218533069172,0.33230709839938044,0.6403795127015877,0.11401831476694163,0.6339748661820988,0.04892227143294943,-12.623084556750635,0.7534529682350932,357273,7,1,4
track_0158,90.02113204382545,0.5479437979246992,0.6421160226676205,0.5538403001841943,0.304008228697556,0.11964808753586505,-6.540577611138984,0.3562010030322831,400361,2,1,3
track_0159,69.45168700748926,0.10282492318185084,0.2718028441530661,0.327031433833909,0.22177552905186887,0.048477161481277474,-8.448470235573417,0.7247610958020448,177277,10,1,3
track_0160,76.04649713302885,0.5144163114891119,0.1414579156245456,0.5110932853295674,0.45890854886339466,0.28203226300595813,-17.479668461045648,0.8208159293569602,295342,11,1,4
track_0161,83.2432180639274,0.30359934886318174,0.6278167618212402,0.5371583904382641,0.3119216144251774,0.34480797995255313,-7.358508041545035,0.8965880140579405,231787,4,0,3
track_0162,168.85409197305495,0.9051923452537317,0.7001203273634149,0.16440353718407735,0.2378049757498901,0.3984031531382086,-21.26729492877786,0.2342948470458386,174242,0,1,4
track_0163,80.35839962326841,0.13241485436980285,0.3018108421194708,0.7523781950685986,0.1882981604998304,0.021530312341298444,-14.149647962673662,0.6568131395047614,253463,7,0,4
track_0164,130.15467611209036,0.7323196138195666,0.5132504012523205,0.476145524022993,0.029043302078530037,0.2010094184755691,-7.091411368685687,0.7787214899235483,295380,3,0,4
track_0165,77.9121846573892,0.10852985543106765,0.41903440335196074,0.4394384547365917,0.13803720877145284,0.199999510168659,-18.76784583840405,0.9292841077169385,302705,0,1,4
track_0166,132.94719038622733,0.6205956374951793,0.9778288511858535,0.21561625995781877,0.0774133701032593,0.22218555972197576,-12.026451179072094,0.5130254864091712,149390,3,0,4
track_0167,116.5485289831759,0.6115550625717951,0.460182473324334,0.3583666276170049,0.218055528571712,0.04247982714760341,-11.184025742909032,0.5838513454121436,329637,3,1,4
track_0168,100.3008630702573,0.47902991301421216,0.5331384182169071,0.6829322683418709,0.11068345216819568,0.17678716952611145,-6.234756090134712,0.63854639314928,235040,3,0,4
track_0169,103.77712421593698,0.5713601909977193,0.9055852312479468,0.3913236362471777,0.533972527061792,0.2927087610059919,-16.90888640792353,0.30103229276035665,258153,0,1,4
track_0170,85.35636913711829,0.1377550498151602,0.27227077655696397,0.764514029487371,0.006649459974397696,0.15987380921868835,-8.917256720080996,0.7059756063140117,192834,10,0,4
track_0171,118.38216604446242,0.46674610964271096,0.5546950360384719,0.36507089437647966,0.18383931588249777,0.4273733544475427,-18.15905183888243,0.7647118919526894,330323,8,0,4
track_0172,91.3504955897766,0.13128180281004106,0.5584755502375838,0.13819033947941387,0.3857327978667657,0.06881615043629813,-16.111819707177908,0.4531511992851438,289519,7,1,3
track_0173,68.23182708698255,0.32773845280257813,0.5674411136315911,0.5002902720816812,0.17279519166301782,0.2695057506764205,-13.937822909458578,0.8845474939957818,134702,10,0,5
track_0174,66.66187277041142,0.3346290363864141,0.34859452507067695,0.42297166602578823,0.7908440702362818,0.08885099449354525,-14.70185904584466,0.5503866861118772,379579,6,1,4
track_0175,110.17763753166358,0.6687496441410071,0.9604836322453073,0.1656588944649767,0.058165317757609296,0.11516579971551914,-8.139134178466309,0.42057690183504515,274158,6,0,4
track_0176,152.37273769231305,0.3418043062677419,0.7049353756620644,0.09893342689850247,0.8114135499422184,0.03879158378784489,0.0,0.7158322072237533,399705,5,1,4
track_0177,109.79974840720315,0.16971344299201094,0.45490050483900896,0.12799240761113964,0.10348185004009544,0.13247685441877044,-13.959587721018606,0.3432326510497045,333172,2,0,4
track_0178,101.44085021670352,0.3823251193813343,0.2231445207100926,0.36664698102176535,0.3578305837537535,0.8507856662593998,-13.771529228453172,0.8352834496843201,418466,1,1,4
track_0179,113.57478418807628,0.8535886776321102,0.6816903421980998,0.39513051536386035,0.12327576605915996,0.10774898642161344,-3.7196426080079483,0.37017112197088153,150300,1,0,4
track_0180,144.18005225120476,0.3279463645616419,0.5237435216417341,0.4601103512336755,0.31123019539761515,0.02,0.0,0.735537239803752,134171,7,0,5
track_0181,111.58147504091569,0.5256683713018722,0.5509497127034123,0.14610509144857534,0.09261306201908552,0.0626195179093202,-14.858131568427403,0.487181898642153,330529,0,0,4
track_0182,92.67218307498788,0.8656764079110114,0.657709123047716,0.45872565029822143,0.2848715025955282,0.0718840504216109,-12.034334806657727,0.5255556783766381,207242,7,0,4
track_0183,138.18866130179666,0.9616361633165436,0.5127971659842242,0.09079039340343689,0.20234537072776165,0.02690087053088726,-21.98353611798792,0.5162348135691455,334261,8,1,4
track_0184,117.8626931538484,0.7651960357654296,0.5116421741768257,0.2546160316898011,0.14565672564265625,0.16636413421757973,-18.525917752683682,0.7227150032804589,227942,11,0,4
track_0185,151.07267975987975,0.898449473688385,0.32881686888343226,0.4569000079964971,0.4388493432715932,0.02,-23.712853729100082,0.5771281969391145,327552,3,1,5
track_0186,110.49703311665718,0.5300118804821666,0.8548305361108451,0.5403930637002927,0.009684852904067565,0.02,-15.791749872704312,0.15533265412013242,241228,9,0,4
track_0187,68.26592904838499,0.9072761545564205,0.6581128099396077,0.11258326166590199,0.09536013427684921,0.02,-3.9077477494161634,0.6365016551071608,412872,11,0,5
track_0188,63.95522402263005,0.2851985936269445,0.23561154278343988,0.3991692399081315,0.049384546345598,0.12759387671113437,-19.155940306611363,0.032487870288043966,205853,9,0,4
track_0189,154.52783796693748,0.8214094992369446,0.593172835777443,0.2768521040281519,0.6546681081479923,0.04628274793788792,-17.768055676809205,0.2202263789514172,390880,8,0,4
track_0190,156.70997162349892,0.2727657858333929,0.5377686224591892,0.22633675020140212,0.0718502964750592,0.07997373556161133,-11.12967486928602,0.6254468027905439,310799,11,1,4
track_0191,99.61442360152198,0.8757828816020163,0.8121210322310154,0.2005291466768948,0.3443592857735892,0.2976141098409065,-23.416060893873926,0.5516063058037812,376665,8,0,4
track_0192,93.50438036592037,0.5302830704295468,0.4955779019433243,0.4660289241446589,0.08039599653977747,0.1837581568934321,-11.98795459275171,0.729207517861785,343006,3,1,4
track_0193,148.84332876726606,0.2902045005360746,0.17084896935279933,0.32398956274887025,0.756683020240284,0.13253378499521817,-28.97731266834477,0.2510057455635929,143091,2,0,3
track_0194,71.78862953869536,0.1744250650690171,0.3712258385996944,0.48119017742982356,0.19644516437831777,0.14017798214309637,-15.556029034644158,0.2814814172270168,384271,0,1,4
track_0195,78.15818943132521,0.3131980370320974,0.47591972210751493,0.4600866101556885,0.16129092071167916,0.05244443946333728,-23.346278828198734,0.3361874829611548,408851,4,0,4
track_0196,124.29980384067133,0.7048946801791635,0.42517481056143186,0.5060207470872138,0.07010029667974421,0.04248348933041111,-18.36600053599028,0.4938565752784122,409078,11,0,4
track_0197,93.16184631421231,0.39353029102536474,0.6351293907338207,0.35241858443322127,0.0931051102718443,0.5370474605649713,-14.68252995031035,0.7923178397341717,384485,8,0,3
track_0198,104.84634399839786,0.1993079109468192,0.3492361080289262,0.43042490942285466,0.24519322681667363,0.3457498681146676,-14.64205788155758,0.2977287455513918,144673,1,1,4
track_0199,100.09671304426462,0.628331976205511,0.501780562123762,0.48946643401835,0.06377473410464349,0.36023428237973754,-15.141676656959783,0.7796885479869597,292168,4,0,4
track_0200,115.127236463968,0.8865088214511586,0.5383734958502508,0.4507574542102544,0.01245470710340236,0.02,-0.48751191128828,0.018289261294024486,356185,9,0,4
track_0201,147.22445583941152,0.2916823724832745,0.25118285149464775,0.5409987457353106,0.1742198463677375,0.0444407410925946,-9.61069672237831,0.38053818600193096,355387,5,0,4
track_0202,107.71754720705236,0.6468246207388895,0.2713954875513161,0.3272713624828378,0.17989341010430185,0.02,-24.028604532623156,0.5626103914644465,163617,8,1,4
track_0203,124.31816379830573,0.15921335668370296,0.3664665468763329,0.4092951211790821,0.11272144518237359,0.20890786651946058,-22.29712997244858,0.34536878219056527,355869,7,1,4
track_0204,43.494836969069326,0.4672604590226244,0.20044469240613821,0.02577598061614376,0.37923222341837937,0.1152230955645054,-5.912719390266403,0.7693131475031718,170741,3,0,3
track_0205,103.53844794209647,0.470602828550762,0.6176466872666483,0.20421141730171027,0.662394145704483,0.17413739023418592,-13.92542541360829,0.8004629455548123,360286,4,1,4
track_0206,79.70309189121386,0.39573191641306227,0.7887734532596954,0.1896185800065968,0.7909280226994513,0.11084962524736514,-6.349093527932052,0.2821544747704093,399386,10,1,4
track_0207,68.43560818729117,0.06437665578020672,0.3056920840992209,0.48852701758333145,0.21447110713773074,0.06478255113484387,-7.7474336545348175,0.29659177801120473,327716,4,1,4
track_0208,78.65542899213747,0.6666504888679602,0.7969851513284315,0.4487910916540013,0.011232322663521836,0.1819822282750457,-15.616669199569376,0.48454458436732023,237000,4,1,4
track_0209,94.97629677897564,0.5723423767726059,0.6873947790810404,0.6104768147483394,0.16230889647337138,0.0440734354520381,-12.991688717638617,0.141701344390099,305991,7,1,4
track_0210,132.47707627068039,0.6615788403092631,0.547422515510893,0.48401977323746914,0.13403612014087096,0.02,-17.46987266268213,0.510943736060578,201178,6,1,4
track_0211,65.20821846781308,0.38223328191415296,0.28185336915225506,0.4048483132798716,0.044311893001629334,0.6011330136817019,-8.230711994829184,0.9111080232376845,289077,5,1,4
track_0212,105.91894477783252,0.570086257347277,0.5056104761593444,0.4334403469856702,0.3425869681233425,0.5106230622560646,-13.15317542591294,0.5458032642195062,154466,8,1,4
track_0213,90.47491699999264,0.42973253780950815,0.5578083942602262,0.3660497183650162,0.11331854924208341,0.20808463539419952,-6.597904907695904,0.3677542709113758,343107,1,0,4
track_0214,95.16980716914118,0.7684124122468222,0.23868468677411162,0.22825896214866975,0.38998754568885824,0.09082888490596064,-18.01116493490492,0.5982592495498846,222585,3,0,4
track_0215,135.08273475913813,0.44474220940508047,0.6388856189827558,0.11585936996624593,0.4674087718327747,0.2699285000289418,-15.569894068551672,0.6715285059067444,369520,9,1,4
track_0216,121.14346311011778,0.8512101293235267,0.19801935436872256,0.37642762272839325,0.2096879996435394,0.02,-17.228640309649904,0.4603333782984088,178060,1,0,4
track_0217,145.1219432232823,0.531492143549711,0.18863960985905015,0.6706636053682423,0.47109164541194315,0.1956017762994506,-4.91160751889454,0.9248724180650597,270363,6,1,3
track_0218,100.36482962250298,0.36156487659160635,0.1229059921439587,0.5186270825285308,0.45599867174153264,0.36478950562032775,-14.18853080869032,0.13072118977313005,416118,1,1,4
track_0219,84.1217216498789,0.49994610102851383,0.7917741062884537,0.4384650560745437,0.02976398368821254,0.5406852888067899,-14.61830643341418,0.5992760879250382,260300,11,0,4
track_0220,98.28423549358502,0.3129487802015934,0.2171812211669821,0.7331059140608422,0.3544404965768091,0.15446689971125482,-15.127544582128332,0.6572325366558981,259800,7,1,4
track_0221,112.27490373813664,0.5220134599461065,0.11331771305443943,0.447743205028008,0.37675394019283537,0.059286753700596544,-6.9374900540815,0.8124652022661975,385187,3,0,4
track_0222,110.29720075361134,0.3562170214548034,0.20191379688904196,0.3347752607009502,0.31254264197556847,0.02,0.0,0.7657893230313668,121911,0,1,4
track_0223,72.468357832999,0.41273715024870294,0.7142057344707151,0.5939146058411429,0.28616263498296535,0.10235753281112732,0.0,0.49164976338935673,208745,6,0,4
track_0224,107.71469344883623,0.6368855899249446,0.36709641075362487,0.3227291383006605,0.1986913639001709,0.02,-9.713875416993233,0.18337949555860186,384665,0,0,4
track_0225,111.84684990416716,0.524361019842799,0.3568501078561922,0.21774284419553763,0.1780485042331012,0.18387997402597075,-19.70232263523838,0.6724368795213366,127872,7,1,4
track_0226,180.5242211260176,0.5418627935077608,0.5872490010496866,0.3178078116606805,0.003205341807268512,0.13713467190006423,-17.508485903041024,0.21051449716138274,243882,9,0,3
track_0227,161.3053383384501,0.7428749313887627,0.4156421473881899,0.20138605734256468,0.26558245238927336,0.02,-12.199322528159744,0.6720319652753637,150362,9,1,4
track_0228,79.4026994832354,0.36784289332565856,0.4282893120684505,0.5013884338833313,0.11820188042090993,0.1004131144222717,-27.933416864623048,0.28973362213322795,353840,8,1,4
track_0229,96.37849915352471,0.5078543914407478,0.6545124455713602,0.12694295480582404,0.008076788592352804,0.035423281023201345,-17.890895418987817,0.9756296981686319,258012,11,0,4
track_0230,61.096739944889904,0.42890983889995427,0.8431698041984931,0.5021231527890018,0.17670936717728242,0.10520468364725981,-8.758140049657642,0.47376098875314776,341550,10,1,4
track_0231,87.27878958109541,0.14361139431743097,0.7665985068085889,0.5347648097593137,0.07684733647743305,0.09806905732958474,-23.613664708455836,0.3335385270722899,151776,5,1,4
track_0232,114.46815010771022,0.24994655681614325,0.6188753959797613,0.47930004501690177,0.05379024279198763,0.38735469195465394,-10.815039642460937,0.6304653910388464,156202,0,0,4
track_0233,141.175608626647,0.5105416359217559,0.8133406100376762,0.6032624627439734,0.06414928672150137,0.17361128646914176,-17.31405543990003,0.8625527743079374,418666,6,1,4
track_0234,83.12748486769175,0.799426908406186,0.6240970941402919,0.49527680824174986,0.31558309799476636,0.030363968979880487,-17.84575526326589,0.10882760527573847,384795,4,1,4
track_0235,85.3756067979661,0.22970090927638068,0.5764464547597992,0.1427127797083969,0.2652041889400129,0.02,-10.49841060905859,0.5365711140862448,356502,5,1,4
track_0236,40.58132910784036,0.08262181413129333,0.24068703564960756,0.6604148225790628,0.5307861798481112,0.22664682602309838,-4.532496039157024,0.674577439207558,242223,0,0,4
track_0237,100.12002238365277,0.5580434505524371,0.21089719085187708,0.30749148079867267,0.17905347455117646,0.12150234127327576,-14.425898586577034,0.6837305731709721,205652,1,0,4
track_0238,73.12756764421312,0.9312432707790728,0.7702676123911211,0.6463034085010564,0.07193017380946079,0.39487718360860224,-5.76391154154793,0.3713923423020336,190736,6,0,3
track_0239,89.11681717901779,0.6548877556771334,0.12125283560036351,0.41644727890756283,0.1194892051266025,0.12092823446317424,-12.004964594774336,0.37253409586349745,220408,10,1,3
track_0240,78.69417665497235,0.25540127500907905,0.4519895805533584,0.7714514123547124,0.07160649422276749,0.1988000691341813,-20.800140208421354,0.41642481997499214,174139,2,0,4
track_0241,102.17212337242329,0.4583870995233665,0.4300688882077629,0.4728071555304156,0.09182894729157169,0.3063924514752834,-7.393124100025906,0.5781251946010418,243349,0,0,4
track_0242,52.268148259301064,0.3133208531930563,0.5086757865072955,0.36335696966393,0.07509141783700428,0.1578532017065055,-6.138782490593166,0.7648211185606242,345248,11,1,4
track_0243,60.988642638270285,0.6177600145816906,0.37500580915708076,0.1656720680911421,0.1795349448499976,0.029829632396218015,-11.622707056876125,0.2556498917803647,143695,9,1,4
track_0244,168.87741336084895,0.7673933019756208,0.6257373006978411,0.14125820409081724,0.12009865081787047,0.3353297736018993,-21.663337968265047,0.32472082465895774,365529,5,0,4
track_0245,66.37732256177907,0.5456679014245112,0.860773478565724,0.7032993592418018,0.3412006251486983,0.1078246835852475,-22.87574617343175,0.8080361220840299,188609,9,0,4
track_0246,72.09643264636081,0.9478759750024646,0.9188374827610452,0.46577412072248486,0.03265883667677472,0.02,-11.168330495130984,0.1580631162371167,316438,7,1,4
track_0247,160.1074058496394,0.4342194404821345,0.4478266207707301,0.3074874480283883,0.44493111941649577,0.07052270300994774,-11.18066677099661,0.3106181315609547,120588,11,0,4
track_0248,192.1520150772122,0.7395227936414412,0.38185822980439393,0.26221127856592485,0.43469586056240006,0.19505468531018372,-9.756910044575806,0.5879829068898554,145223,3,1,4
track_0249,69.85300113523975,0.5038038313856495,0.281352245854751,0.7422493737922807,0.25302039753117117,0.22997052078037733,-27.111463544052505,0.12489611165560502,332740,5,0,3
track_0250,93.95253129635908,0.3930144167217678,0.4273452702385348,0.5619076108358407,0.600848785517839,0.156978239583392,-19.195564143114595,0.12391290144824667,125164,7,1,4
track_0251,115.24666652821529,0.3208223745681092,0.42270572112625887,0.5946803505404655,0.053166658793039646,0.2523368127392462,-17.439272541005607,0.26961526587715134,134730,5,0,3
track_0252,156.86092933216776,0.10040471356463056,0.39052532223675424,0.15038121154708628,0.36171205485049157,0.08074702234737602,-7.557147642297955,0.8510924141692192,365984,8,0,5
track_0253,75.39428764715288,0.18757425146954493,0.6663095343480946,0.1702535627320419,0.2075587809731357,0.24615273101662083,-13.867687493121217,0.2508931998302772,182134,11,0,4
track_0254,97.64166462173671,0.6907527805090582,0.486554717927362,0.08367513272502626,0.011117606287761423,0.22628171798305607,-7.177915895509319,0.41651978408770485,172765,6,0,4
track_0255,128.3201272818523,0.7602003763141114,0.24597857460189537,0.5840633365877413,0.236453431224081,0.04507837028032259,-19.915633947973646,0.24335351067770014,356338,4,1,4
track_0256,118.04298223399856,0.37050631798404937,0.7471584649457286,0.6378421327298321,0.16498417884751249,0.15341138067561044,-25.088538445385943,0.2766252602947968,223556,1,0,3
track_0257,93.71531786309703,0.3337746632844692,0.2303223225323357,0.48149735438593777,0.028475445304901606,0.14691925713307527,-8.932473862754627,0.5006262359113687,258801,2,0,4
track_0258,100.98531106451877,0.5002615085192212,0.5589092152624126,0.2655614736247734,0.2624470463024742,0.1398186999060511,-15.316896151415294,0.35841846701864183,188044,0,0,4
track_0259,63.753125748900544,0.1173795785198658,0.6718835249142515,0.6280246733410563,0.10341758114553988,0.15519263114797197,-13.683981201403423,0.6888633663470265,290211,2,0,4
track_0260,97.85478768076004,0.13855703131871314,0.674794793350648,0.17670201340792058,0.7500880821779549,0.2990835163195247,-21.449369294119315,0.37827108700502254,204298,6,1,4
track_0261,97.00837529973134,0.5073313783705752,0.4050959161237997,0.340881357162376,0.11230616402467096,0.2295629760541028,-13.162678528223841,0.8604473911305466,328512,1,0,4
track_0262,111.96509668878768,0.36508815133234146,0.5059083750191771,0.5833609085767071,0.23798625764658404,0.03765434157606022,-12.728195301856847,0.8601547745134666,374804,9,1,4
track_0263,88.34018343542952,0.7096949704336923,0.16451423810491203,0.5598455249176448,0.22797796880365184,0.23967722818974302,-13.865638271330456,0.19540022756671044,419810,3,1,4
track_0264,119.14615567635417,0.561269254098099,0.48527927610203975,0.277690164210973,0.08835200451990999,0.3960792488895135,-9.978627099605102,0.13910338822655627,168249,5,0,5
track_0265,135.38147453459487,0.512275593593948,0.7570860505376678,0.12173104646624047,0.030322452921067767,0.24295463746576876,-9.26610553392691,0.6735256313628265,197247,8,0,4
track_0266,109.66287983005398,0.6455050647075954,0.48244645150241955,0.4537418453438186,0.13151791612108754,0.02,-6.419703226189546,0.5133823068265755,415432,3,0,4
track_0267,115.55269225197611,0.48118821875226075,0.5013981367694825,0.42255565929150696,0.16190657902494016,0.02,-13.557091487721227,0.637431634673315,250328,3,0,4
track_0268,106.59466042733602,0.6223295379972561,0.09245109791215304,0.3268480081442466,0.19678119521925203,0.12567809316157794,-3.8355499359135283,0.3247204541120463,337741,6,1,4
track_0269,105.00253179274243,0.5004636829303813,0.5919855597415614,0.17699482710810094,0.16697511618009508,0.24425145338502288,-21.67392420166079,0.47935286790141973,307011,8,0,4
track_0270,83.35325899371458,0.2740021200172056,0.4687151391386268,0.3027865489846445,0.004238402442572467,0.02,-8.364509744745032,0.7231559671385661,163119,6,0,4
track_0271,114.49482785019924,0.1791701781692321,0.6404936899601918,0.364671111941776,0.006956192509155997,0.032683710920689175,-13.714517564313612,0.26112343248578174,297614,1,0,4
track_0272,102.08140204759532,0.7284050685186061,0.6476995837115476,0.4072955724386335,0.04179459618304525,0.279513838501733,-14.619483467245471,0.5762503222495662,138531,6,1,4
track_0273,167.79504926791785,0.3517830638082804,0.5844062115784732,0.722072597599345,0.44027729569913227,0.023764665670522735,-16.647860332952952,0.5270184590866507,122911,5,0,4
track_0274,152.2006470742573,0.49885965773626606,0.9199163694016087,0.4697312829560583,0.23017249614768348,0.02,-10.687872075536887,0.9446824687148617,393615,8,1,4
track_0275,116.57539657669503,0.5512873584035372,0.7785518165821327,0.08247211178599752,0.3359742323754094,0.45751408276070155,-2.8370881316268104,0.4513225064346715,120299,2,1,4
track_0276,82.10828370915698,0.6081354251353517,0.6305176651406559,0.505408202174015,0.0041002398264955,0.22096839449860325,-6.054415849258351,0.7042857201324256,398023,3,1,3
track_0277,71.62765584049745,0.7485658417218118,0.8420139031193352,0.4550650615803184,0.633530797658353,0.2638797380492316,-8.546920771003016,0.24514353627075472,319629,8,0,4
track_0278,140.73428859266596,0.4474263191028177,0.4455480002378032,0.11474712161244631,0.6746161445728793,0.31584879695138285,-14.793806989673971,0.4581044275081404,144462,6,1,4
track_0279,112.88247675441416,0.3008888933427989,0.5027170931986339,0.3585221928533871,0.047185953440697356,0.02,-4.1411056398700055,0.8659982842436094,149453,8,0,4
track_0280,119.40430210174833,0.64420450215938,0.5656738632241537,0.2019433039583553,0.6407006656801695,0.09610542991014795,-11.433964721258324,0.8245857290251185,259201,0,0,4
track_0281,52.66242039077422,0.31389437512360496,0.46215389384837163,0.47777004603253814,0.02497798399946767,0.020819575911712906,-20.25612371826014,0.45114992987294694,312987,8,1,4
track_0282,132.82315444674543,0.7255227400219585,0.7961016487750939,0.5277798687936129,0.380381208363779,0.24102034994399033,-18.853325865217677,0.1482785485161369,364979,0,0,4
track_0283,118.63261014643089,0.5249191376604957,0.4182165930240041,0.1837658609759894,0.02949642791558031,0.07922467537399815,-4.257994903063214,0.5578559813245916,321643,0,0,4
track_0284,71.68707946756567,0.29937706896356264,0.5678064396922199,0.7053638862349306,0.043659997597930815,0.45424863568036705,-7.208128281745211,0.10203707211287705,276915,0,1,4
track_0285,90.85425577650153,0.46220121401675424,0.6693076230770073,0.37186961754041453,0.2622064433074114,0.02,-6.379422288344108,0.49332379624592326,384048,9,0,4
track_0286,112.91151613069559,0.7479770368062362,0.7604496955496662,0.33014402261142217,0.8071395443658688,0.16628040294561408,-13.02537996062223,0.30023859340386,127848,9,0,5
track_0287,106.57400395068731,0.14999312003329768,0.6201937768385453,0.13978114914640288,0.2841059296895097,0.16708080988090987,-19.097350290612994,0.9220190078305518,262254,8,0,5
track_0288,96.23486442589335,0.09834089758337224,0.7327547485105947,0.21667895573690515,0.023393465981258993,0.022080612883495096,-24.580768534658308,0.3335999870639783,283913,1,1,4
track_0289,101.89535195802118,0.321233100315357,0.4401566526470859,0.25031611862951725,0.24424739969436007,0.19265017434437537,-18.988661352110274,0.4885107825265329,366643,10,0,4
track_0290,97.44067865379344,0.5395348266166686,0.22975026814617197,0.01,0.23067725175308446,0.4553780965892542,-22.803846598433456,0.9260906249495727,396911,1,0,4
track_0291,109.57687536307405,0.6379864175964144,0.6852063837264366,0.5144141451858346,0.04370297243829219,0.36452511617399297,-0.021882716239542077,0.20285338137868655,237249,10,1,4
track_0292,149.1447591897947,0.2817952362012292,0.4647882695316298,0.11744485625132961,0.09473565148559379,0.26389723876334886,-17.33017950717144,0.391765781480867,379546,3,1,4
track_0293,40.0,0.20573095459204366,0.7716395482250519,0.1920316063716417,0.08392483678520243,0.02,-17.326869018473662,0.8068446788011405,396797,8,1,4
track_0294,97.89449206470947,0.33382179075455337,0.47929518217875366,0.6140169338774972,0.7752174169786801,0.05706935787016117,-17.371857120802847,0.5778089798032058,132945,0,1,3
track_0295,110.29537264117342,0.058308903177442244,0.16115084107014024,0.5640321430148272,0.0038730794052574827,0.10101763519683381,-24.466914652927933,0.4523594368276231,147020,8,0,3
track_0296,113.87981969061299,0.2835383840585711,0.44207576916114705,0.04375348371586631,0.3488990063823984,0.021115451750284956,-24.936129481361874,0.6240533374015711,188767,6,0,3
track_0297,93.8425625603613,0.7543226558077423,0.33879941640927946,0.546900547731294,0.3175702460816896,0.10168925935119108,-4.2860532834589655,0.20705201199291212,275889,7,1,4
track_0298,52.29834652564252,0.6817714758022605,0.6143834252718067,0.16971692235408378,0.35451328087935874,0.057378861112791224,-3.2533973349934833,0.24697937061093903,347187,9,1,4
track_0299,114.83986451142329,0.7753337897680888,0.07175049044171515,0.5007429828474074,0.2819872679012892,0.31925781045720447,-6.836669278269673,0.25414922609218105,388160,8,1,4
track_0300,156.82050642492555,0.703984262386998,0.7212102240766615,0.2007804799694738,0.02336346050327347,0.060235529252101475,-10.890257351575482,0.7084701620172363,386143,8,1,4
track_0301,58.98415785251587,0.27268635489317267,0.57298085974123,0.22727007148498327,0.08605589708290513,0.3527757908131109,-21.25128465358766,0.36613318673435674,272082,3,1,4
track_0302,130.91484041094566,0.7744289016171056,0.5811793208706457,0.3545629835322139,0.03665437554500791,0.5281216099879936,-6.237447582448507,0.3255459436896675,325548,5,0,3
track_0303,95.14424330631319,0.5366849191103251,0.40630837546920573,0.34855910351704134,0.17743875410740362,0.05346848859791458,-13.920304660469434,0.833799486568756,362481,8,0,4
track_0304,103.16026962513457,0.3461780610427042,0.6533958098887889,0.23294133606727746,0.3024247257027943,0.11138809311776021,-10.737638779290892,0.428415777685668,267841,9,0,3
track_0305,73.41304467888153,0.7227074202043495,0.3638826778499378,0.4675235986048592,0.5162331967426662,0.15912175571172535,-12.183098049576216,0.5566379820836496,257843,10,0,4
track_0306,94.9663148293237,0.5104422951519588,0.675015412121818,0.3692648937136437,0.3646950283417757,0.05227268090825953,-9.290141134538352,0.6304255347463671,361674,9,1,3
track_0307,144.00133784096874,0.36098363289079594,0.640253677277224,0.6140187901302718,0.449163302584731,0.18954495291634244,-8.111184860775566,0.7497799142450131,241384,3,0,4
track_0308,122.47965725963121,0.5113526770574615,0.31455208722320976,0.5668295785678411,0.13361901321397407,0.32382751085659395,-14.820206236851925,0.6817703238917078,188150,8,1,4
track_0309,156.96934816229833,0.6897872725980093,0.5152572651795222,0.05710009436001489,0.02476598203547436,0.0942450578655992,-7.6897187051171265,0.2853447136471028,299174,5,1,4
track_0310,140.32235666933082,0.7636105711674015,0.3519335926767565,0.5812358661921304,0.09673672389972429,0.4547434059129621,-15.716439594959436,0.5588262975927504,401327,5,1,4
track_0311,118.17260036788728,0.8528241026116747,0.4035347909902012,0.025781748251267778,0.3598103167679942,0.06020658288577734,-7.874526357349224,0.31721272539341444,392189,4,0,4
track_0312,157.31803578503377,0.7969174905382483,0.4505119926330076,0.4351351308440688,0.37648551447847234,0.0785659154891686,-7.720770354601907,0.5732929853341201,344185,6,0,4
track_0313,118.16979476214897,0.6290625862058432,0.07240174619619551,0.7294076904953309,0.21021538654850214,0.383801326782507,-24.10176573064885,0.530798702172342,389850,7,0,4
track_0314,129.83964530391177,0.48741917831435394,0.5391933441784406,0.9859151836422462,0.17822249627706746,0.19993021408965575,-13.730812519062278,0.6835295342983359,210753,0,0,3
track_0315,96.10287139395875,0.44746565527856275,0.30176815364991477,0.3267421068849937,0.17652705267171487,0.30892678476148877,-26.892130678011707,0.5378470709253579,336827,7,0,4
track_0316,106.99637447577615,0.43159527911891066,0.3611685399574951,0.2812808897829781,0.224366769787069,0.3471330060334245,-23.17741952816679,0.9245386940539906,196914,4,0,4
track_0317,84.07728530099169,0.41626055298638004,0.6575245802106987,0.7127247493104738,0.10828328663716287,0.28000434228169624,-13.574374264589697,0.8463713243815806,280084,8,1,4
track_0318,134.6875180378456,0.6191578697185699,0.36129749699702346,0.08109024566151936,0.20176109409862464,0.049338603341291226,-14.782396792842487,0.7804255225907768,238767,11,1,4
track_0319,69.65089130655403,0.46339080471932687,0.3790237843992206,0.4231114038095143,0.14396207967147873,0.060654803779297634,-15.517250845872002,0.37146604431657376,268060,1,1,4
track_0320,128.47051027252985,0.4900856568616737,0.8130491219590177,0.5224130847407494,0.2646781683930126,0.06884390835044642,-10.004167599716645,0.274897717395018,166677,3,0,4
track_0321,99.28046827484522,0.35016327685206794,0.16575135373506752,0.6605454256558934,0.03909087068961113,0.10618442514319097,-16.215566591506185,0.8382692745266159,246655,11,1,4
track_0322,140.1374128040196,0.6255670994242771,0.5369733972575248,0.5393873079188335,0.1081851715184516,0.21682031653022066,-20.954294046118335,0.934374286539217,260762,7,0,3
track_0323,127.5260696619378,0.7559724920850843,0.36987385643429366,0.40317164088559476,0.26328065695269975,0.02,-23.176030622591732,0.43821749497401946,401104,1,0,4
track_0324,159.61938472940403,0.13617217059632725,0.6172619711246702,0.44649170134551447,0.48551687303758573,0.0414968917510137,-23.923360733089716,0.6337599842711564,241923,10,0,4
track_0325,126.92324073415935,0.770560297144141,0.2999041024961173,0.4080382953778224,0.18202394778571224,0.5086190999591365,-19.22745534671831,0.24224649053636313,347470,3,1,4
track_0326,57.83879233040278,0.9244011079829914,0.33378101998628107,0.4745148464521096,0.41110722316390147,0.30211605814776976,-18.431096037535433,0.6477813170283826,396054,7,0,4
track_0327,102.99140481305398,0.586537811537978,0.3172022473407384,0.5020472870059447,0.03786984671329898,0.024021044436555554,-5.4542025234771785,0.17901538682252272,199881,7,1,4
track_0328,69.83978422215552,0.7636346193055803,0.7633386616156502,0.23320300543962927,0.007901684473566664,0.03225581055305911,-12.928753082649164,0.6336824143392663,137056,7,1,4
track_0329,89.45160472901176,0.6220237478467089,0.5584577771834839,0.15743221563506238,0.13332185307580957,0.11218450374573825,-20.073550598533696,0.6455132874506483,391645,7,0,4
track_0330,150.33685299830165,0.46735430539903144,0.4039869698697337,0.5637672476627291,0.11047095695447595,0.5753521804133843,-8.917503155542375,0.3663892630989732,342488,7,1,3
track_0331,124.12601432693089,0.31127442584015125,0.8455572117142955,0.40035121058858597,0.2856569998531617,0.442315635057931,-9.140820994165605,0.33887134065114155,143007,2,1,4
track_0332,84.03208714263761,0.7589417889771083,0.13500231620298825,0.5228501399072746,0.1907815843842482,0.21900032993523777,-16.561819459811815,0.8028846340077068,285045,7,1,4
track_0333,74.58847900678803,0.12951240276351417,0.1812249822451585,0.4126872137199527,0.1661917951523995,0.03957134583918883,-6.272078836974912,0.4985914675499952,155714,3,1,4
track_0334,105.98346278628783,0.7384198985421302,0.5326196836322553,0.4104925480135762,0.42792231356481397,0.2917068680331326,-7.7238946326847895,0.8826934752705524,167192,6,1,4
track_0335,68.50319551856617,0.7904725051462311,0.3742440814239246,0.23696213433197394,0.03199610529482805,0.24821165395354,-15.809118340720516,0.9233344453881648,314146,9,0,4
track_0336,84.86579167810257,0.45092818571255844,0.48312346042058546,0.24399748327738024,0.2446013659236205,0.23361260138702392,-14.224485974245098,0.5581882718878365,378715,1,0,5
track_0337,114.36028414653731,0.26857820124900567,0.9665637995752523,0.7494620223067886,0.08445206599412079,0.02,-16.04086305754107,0.8116103101880032,269478,6,0,4
track_0338,139.65936108320088,0.6095256564476877,0.5794973751486807,0.545383893828102,0.3999779508220473,0.05758286502616273,-10.67430469096226,0.23567774703595934,166903,8,0,4
track_0339,123.26284416673319,0.6272180609403701,0.7481769945877508,0.7018964187800034,0.2811345484538724,0.02,-27.730716433786885,0.5585177115443956,217922,11,0,3
track_0340,40.0,0.5763679711609092,0.5731791310763911,0.23226014577082824,0.022993610268839254,0.2690262915734068,-8.25562198290654,0.5801845618437046,410291,0,1,4
track_0341,114.1310018709078,0.1252295527130382,0.5012443932247531,0.21819347949091084,0.3155470842026093,0.1743611805450029,-22.52930278486407,0.7495859521393389,260299,5,1,4
track_0342,107.16100719697734,0.7709391870710008,0.5202302663248631,0.3511486406165778,0.07105276060780442,0.29687389908881295,-17.82717158609844,0.6062725603759789,394239,3,1,3
track_0343,117.4167085611808,0.4062380303141725,0.4094588963860756,0.2735982159890827,0.05500988297197945,0.13726933134310645,-1.3365385947785828,0.9435394854864597,263240,4,1,4
track_0344,153.48629044953623,0.677689146193966,0.9525667755031014,0.37715707881291194,0.06624103554870613,0.27028217118828834,-15.856633274209461,0.3657745958158316,251271,2,1,4
track_0345,43.102851695857716,0.0857222762219136,0.8106879645532898,0.7058249831384616,0.13602485707248754,0.28477518745962693,-11.719451448193386,0.5518504788620217,326266,8,1,4
track_0346,87.26689724426683,0.14356317171403024,0.7419647916261047,0.2724563701395615,0.030902617320737357,0.2483248870516105,-11.275846923385094,0.43720494347635225,193842,2,1,4
track_0347,122.72718968380065,0.20795284336992806,0.6647450567951015,0.34888900094882136,0.07926239492047654,0.2723151698337862,-11.621320224877131,0.2758138373620588,181641,6,0,4
track_0348,57.55216801638173,0.7282754046209104,0.2947677012153069,0.5485886287186222,0.218319354927467,0.1674690871983917,-16.325522897904484,0.5065535032544822,183534,5,0,3
track_0349,149.27847144160526,0.7964831942212951,0.4922374648291144,0.528286903292412,0.4527676228090608,0.1289168088664207,-11.083291621241669,0.6021764676563897,337559,6,0,4
track_0350,116.05069838101976,0.1289286763156481,0.5216479686371843,0.7289772563296059,0.31839773873317223,0.02,-14.176083300113197,0.23362619814146854,293375,11,0,4
track_0351,130.3975195753021,0.5866764360103355,0.5964744341020917,0.5119885062025158,0.20604944958564994,0.02,-24.208456585877723,0.4536957980025789,301667,3,1,3
track_0352,87.87169015434617,0.8215646151702326,0.23259628428782525,0.27362516895010464,0.3496600143640711,0.4166491135982817,-20.732593500304148,0.8470991761101507,342947,11,0,4
track_0353,129.4129106989863,0.07596575370838496,0.6757590371650044,0.3827317229061202,0.38939826635430136,0.22207625779928183,-14.744051697094026,0.3186654354831581,122452,5,0,4
track_0354,137.05414667967113,0.7721814104488985,0.6540798295964317,0.2520085147953622,0.23508636866747593,0.26907904911112246,-10.634170307215458,0.13211462065612883,320525,0,0,4
track_0355,111.98634060411506,0.3306146120642924,0.24080980508426156,0.40516255929051664,0.3327499785528426,0.23991747709762232,-10.542504482982723,0.5410283417269651,272192,0,1,4
track_0356,112.03202678096088,0.8364985553633744,0.8198195671441134,0.38647248295268727,0.09132947367356399,0.06898305978174055,-12.659425382870312,0.31114787867294524,147798,7,1,4
track_0357,113.11029717845177,0.3979040100349394,0.46970831242950617,0.223778084636257,0.27359342876386883,0.23525208894637337,-13.76460458723485,0.3580793190661564,143844,2,0,4
track_0358,79.09964205781856,0.5186094194561109,0.6325370440093105,0.30780686843092964,0.33447409606957546,0.21605139607208607,-14.564027899911279,0.6290723317539045,398076,8,1,4
track_0359,100.57413959278941,0.4025433451206533,0.7610556666847329,0.180278167113068,0.1362804178704751,0.06907262902281255,-11.826245055544183,0.19237549179118385,267837,0,0,4
track_0360,100.42432402642923,0.2642981322880703,0.1656643055912656,0.3861645227493145,0.04604298598691621,0.044159415354430985,-19.61797232849152,0.35684170386635194,164441,9,1,4
track_0361,116.50181593060485,0.2814584890600501,0.8037264381984806,0.6947041741654202,0.011571549256254764,0.031269910457955984,-13.571682494261328,0.20591523476006757,208745,10,1,4
track_0362,134.99472740730883,0.4394408931979742,0.6398769560723981,0.40263907990112896,0.11333428929857191,0.39197030094560287,-8.464347626903518,0.22975753600157134,191457,6,0,4
track_0363,73.24391754064771,0.5996917627853763,0.5674714933159808,0.6134993914364014,0.0074555167457506216,0.4658510447844806,-13.195636302659857,0.3991384851324326,276638,4,0,3
track_0364,101.24972909041267,0.7472097380459817,0.946409052459194,0.6434533929704699,0.18177499252180163,0.13006599079332432,-19.769811947029247,0.19336871137206202,314954,11,1,4
track_0365,149.4436664297692,0.39635179129721704,0.8764998968379777,0.35450074330079034,0.04585598024862821,0.20249248382704538,-19.863285648836488,0.22260807810151406,238159,11,0,4
track_0366,82.69235313562308,0.7373259686729163,0.9458342410531304,0.36290019596835205,0.32896628733186456,0.20080024846746497,-6.155460541275351,0.5216623843300439,399311,2,0,4
track_0367,80.3324994812904,0.8712770669360155,0.36262995702218714,0.35094307585386064,0.09188626551952671,0.43967222934844397,-14.719242364503266,0.7185467764534339,244499,5,1,4
track_0368,111.0691857549358,0.602806675924063,0.6417419405683962,0.1219847836394155,0.09327877535614275,0.04996893914720363,-22.572920716507696,0.4553099724479749,302801,5,0,4
track_0369,130.3315557145596,0.5262867156679798,0.8269233199819455,0.22744276934951224,0.30360332148724156,0.06667321549651753,-19.977697888653744,0.5862646556029183,232437,1,1,4
track_0370,105.34278166681977,0.6287597307681987,0.46725607913175554,0.5068762012901241,0.004544215486739383,0.025313761596213635,-24.00600318972439,0.8477058103634411,198765,8,0,3
track_0371,144.86881771310968,0.2044804683573936,0.470244380982504,0.21505571613348068,0.024333312756274254,0.04420324160032614,-23.810264507802188,0.7836632428554817,353493,8,1,4
track_0372,130.70381947699582,0.252255914292228,0.9486631116072531,0.37890447524543025,0.1982009103161565,0.021001692493005365,-12.220703639138414,0.20160146264290543,259545,8,0,5
track_0373,130.25460200670184,0.41039222447723595,0.4185817214145629,0.45993577237629424,0.40777629421326095,0.4876386036564245,-17.489333505826764,0.5696118572423239,236834,7,1,4
track_0374,121.6234950397228,0.3116580271577586,0.472751111334167,0.5055655087190852,0.02372119378908933,0.03787777617605046,-21.358531182595556,0.8241643628127444,278459,10,1,4
track_0375,174.82959301038255,0.6437237986683222,0.48193510140668244,0.5631529206879208,0.10780262314024217,0.22205660965916538,-6.570719947008306,0.1694145454134304,255197,7,1,4
track_0376,98.84514933401867,0.5009729815899088,0.45748405581171453,0.3742325871091612,0.7383461220019596,0.033705321871203564,-15.728434092703445,0.43206955935710856,378489,9,0,4
track_0377,44.89433123800458,0.9145016764413998,0.37098648968809783,0.5304442886538874,0.31180657589414157,0.09458830464632474,-13.846618380305019,0.42864699471503426,348492,11,1,4
track_0378,153.12763084551423,0.2044269849890879,0.3543442040683352,0.1788732457404327,0.021715050459749294,0.15120741401597948,-9.564990723504803,0.3387391355022937,181748,4,1,4
track_0379,91.26901707129522,0.4989947166834419,0.5803595976692859,0.1579882701370999,0.17022050695210245,0.3760626756187425,-23.01406996039811,0.36020839433155155,314238,10,0,4
track_0380,108.23641333029099,0.3820529859614204,0.34404603477835893,0.27845182137289415,0.1824910969472277,0.06743972528473989,-21.736087971702727,0.8159553181665311,419807,9,0,4
track_0381,144.28652054581582,0.7475004855618724,0.39683158247139494,0.5083995563164047,0.010554054971073297,0.2256090106291388,-13.871444202037408,0.27701258088591607,174132,8,0,3
track_0382,56.93221376823224,0.8992480600331192,0.5816642822382032,0.493512029933205,0.08025493184385779,0.02,-34.00241481125527,0.2802596591466855,351420,6,1,4
track_0383,67.45058357681582,0.2904058863340665,0.5258371050526459,0.2885173271436769,0.062008145304548526,0.07791180859190835,-1.8055297643866233,0.36764187652575725,358643,4,0,3
track_0384,56.96166188643439,0.11616203840035473,0.17586149383021257,0.4862311765964268,0.5490706952299425,0.02,-11.722131109147153,0.2562422775187302,351911,8,0,4
track_0385,81.17591129923728,0.4176541835156872,0.869003317589257,0.47668038570287474,0.26805393540850164,0.2487498462469749,-14.715627299867993,0.23744679614573383,316078,10,1,3
track_0386,118.1890981805098,0.5526462106172504,0.48234189132348354,0.5641860461232522,0.24336316102911162,0.07530632049374777,-11.166510153936308,0.4432435525477687,303902,9,0,4
track_0387,120.72563528438313,0.26713100700293846,0.667395614048709,0.1788845183778772,0.011480502733777629,0.23788245384215106,-10.083306432066275,0.3669370434138015,274646,6,1,4
track_0388,113.28822537985661,0.40912750943326814,0.5807590034200969,0.16657961929052434,0.001896941498997957,0.05106091949368711,-12.034590808268149,0.4680592125633099,358008,2,1,4
track_0389,62.617023483229005,0.375635849290062,0.7114451194186546,0.20599811786825525,0.12273539978464054,0.06234543917516372,-9.096336189306001,0.2469742807747149,293167,10,1,4
track_0390,40.0,0.7492048224729934,0.6125780868244826,0.16586365710399123,0.45448532732580105,0.07758492664254657,-7.01736480355431,0.3817705579416719,357500,11,0,4
track_0391,106.63060756171147,0.17107145905950213,0.3108842130256607,0.2916421904729502,0.1092961837012805,0.06889271631113468,-3.571737639724507,0.3343651249426093,295159,0,1,4
track_0392,90.84671899084992,0.3099777924875025,0.6254344195060544,0.14725113443268614,0.2402604914299904,0.08235583060439881,-19.037008918509365,0.24742006633172492,372296,5,1,3
track_0393,118.78157315149835,0.6215622394994103,0.13362291547101154,0.6147445740430066,0.031250292794240325,0.06255301273944017,-21.50662644103536,0.6557012872505212,262857,10,0,4
track_0394,126.0586087866381,0.5584398408377556,0.7866156662123837,0.3515767566330268,0.09543000323769225,0.04467437282204223,-21.51939557537643,0.4054632917943967,165059,8,1,4
track_0395,109.14724296176045,0.7577114871369794,0.7650495237376215,0.6593622367830394,0.024830273224974903,0.2549611086963384,-12.765743693161681,0.8231038163436379,170532,2,1,4
track_0396,127.8039925612756,0.43253801885153387,0.5948934932249013,0.26996991112585966,0.01927619523985489,0.5518349812579919,-25.029570345941032,0.6254169319485915,307443,6,1,4
track_0397,111.87634122345206,0.4190662040762194,0.8022386008920672,0.7013373800726876,0.306008625663022,0.06640554937602623,-22.43507750023198,0.762793731983395,249171,6,0,4
track_0398,120.901941168044,0.17934805013120306,0.5980558407180734,0.6092761762172885,0.34559520444935987,0.02,-10.852989489005646,0.44543338176180747,395893,2,1,4
track_0399,83.85980211390353,0.4871366515100577,0.9687937078187954,0.14047431470835886,0.21026006321256033,0.02,-16.936758890764526,0.6949121074838378,171081,8,0,4
track_0400,99.61165758505625,0.3628740896522577,0.6419601156990129,0.5523144920360306,0.405449552608958,0.1872729978056665,-14.889660317013465,0.5915795471728197,198690,1,0,3
track_0401,110.90328289970871,0.24404686189033478,0.9302277677545435,0.6891326925586245,0.43512630312906353,0.5404939446647318,-4.429140307612112,0.11647939657099478,383815,8,0,4
track_0402,129.61585426252256,0.33403094931898114,0.5322810402865451,0.8467710503812186,0.01837944529255801,0.0649368928519111,-7.96660470189296,0.595781638069348,159306,9,1,4
track_0403,93.18776483326283,0.25977642830652037,0.23856064066450308,0.17195841843143,0.21809474790488903,0.34697712233589806,-12.60229725572863,0.19067744702407596,415705,8,0,4
track_0404,120.63501767196338,0.27367533559755525,0.7486419050688972,0.16562307527582779,0.5078808136893035,0.1515712095733371,-20.3482701205331,0.7053350398600245,317903,5,1,4
track_0405,97.02483624253863,0.3324338626955261,0.20124268349945396,0.4201838171323472,0.16228210685454295,0.027579557240662047,-15.213509424979685,0.8450393586490507,366022,5,0,4
track_0406,101.4737349801561,0.39331991951010514,0.6399170527971115,0.5407585021061716,0.38541827798042533,0.24054862864151855,-19.320778631233186,0.710280647519912,183746,8,0,4
track_0407,129.8855712607222,0.31220017230714175,0.912824896353561,0.5653027653231018,0.2854626049663701,0.02,-15.705106421152944,0.23032375325841173,363912,5,1,4
track_0408,45.20818886837532,0.7058037180674385,0.17677922373843694,0.11274922690867224,0.2350698698870149,0.027333013626367073,-19.673479390549346,0.3197760258877376,139843,3,0,3
track_0409,66.10583015775717,0.545391407719799,0.717257638534293,0.1343170945341964,0.13463820142225488,0.044137017926714726,-13.65433680318085,0.5091531846774229,170945,10,1,4
track_0410,60.534438076715375,0.1921783481020918,0.31311524100555926,0.1807863194045665,0.3785295916989707,0.05290041942428729,-16.047208053574597,0.5128220418355826,206230,5,0,4
track_0411,40.0,0.2608618870740106,0.11322761268137321,0.07564087537273184,0.018799080751082657,0.09750290461022743,-19.743000945030477,0.2947198103162698,206274,7,0,4
track_0412,84.6520667953447,0.2568297193255327,0.7797977100273611,0.07793187784830775,0.03573766797763662,0.02,-21.738521821244248,0.16969954650825145,263646,3,1,4
track_0413,127.48301699183222,0.99,0.6591917623768764,0.26257942604995066,0.1624588808690187,0.5392506095453606,-4.480542194110281,0.6782579125678283,230762,5,0,4
track_0414,96.45347800852275,0.4321536867344762,0.2663063475351577,0.4414112173412101,0.2053703871610133,0.09873328630686505,-18.51094760677094,0.8193596070474732,317454,3,1,4
track_0415,110.93370245825557,0.5119829949136646,0.9586627711858057,0.35654197483082106,0.030814508582988034,0.08180083105195396,-7.909806499441047,0.4646943932379474,278575,1,1,4
track_0416,137.67652490132377,0.08789770823469688,0.8065016763161185,0.2660437769947843,0.084745784752276,0.48415298974724347,-14.982032045025989,0.5015267365187303,249609,0,1,4
track_0417,144.83058396803074,0.37627337484366186,0.4860029935788845,0.07358008998307622,0.03665007816942408,0.08868867185563771,-13.683460343745223,0.5705629269058096,310691,4,0,4
track_0418,102.92586195821582,0.8513468724367695,0.41163700323361935,0.6239087351378187,0.49206270761406445,0.14574041015667705,-13.595438989056028,0.3019431669348313,389077,8,0,4
track_0419,145.60757668708192,0.3119482522505943,0.46935279766676763,0.6397026148363832,0.5238090710527372,0.12121391797019695,-16.037848932442987,0.2830424199638073,195436,5,1,4
track_0420,107.76379975302328,0.7644202638675777,0.19224313516099314,0.2085848034116912,0.20718926949475372,0.4214489278899061,-14.323984699381125,0.6657286031566844,222636,9,1,4
track_0421,79.87805328517614,0.323991978017097,0.3350330674473972,0.6202539131296364,0.30849128739713033,0.3191850238891679,-10.970623113044356,0.7268068191700414,287388,11,1,4
track_0422,87.16798943403793,0.5075346301637995,0.2300460691482155,0.7145766186805153,0.13364462345507844,0.04463029262207198,-21.93878755746822,0.5513452921632123,364375,1,0,5
track_0423,60.58390462304951,0.6402431135700458,0.14128164096873908,0.5543213238423678,0.4493528279323707,0.0633300879559851,-15.409554433080595,0.8240988189090167,337613,4,1,4
track_0424,78.35598438799043,0.3758179240201806,0.29199444882260506,0.4169662425759398,0.504800411686598,0.08710013732427438,-14.108753000743938,0.5730519543349591,374249,6,0,5
track_0425,94.25949935776713,0.44030747058322767,0.5338863153780771,0.4931214895616071,0.031566581140461236,0.0875883194367675,-10.340023758369218,0.6209265751636206,185964,0,0,4
track_0426,129.10755058135805,0.7362648462830763,0.23008108718501455,0.16980054054571025,0.0242355082270243,0.27359529183522896,-16.775318698934512,0.27973216530663153,176894,4,1,4
track_0427,156.62309493497952,0.8431411388372144,0.12449219656564392,0.234390802158671,0.7728315556443229,0.02,-15.51652576691341,0.5217112713736546,390797,1,1,4
track_0428,63.5345545386888,0.8149391796470674,0.3555854257164525,0.22311301183359755,0.41714246425310664,0.026009082925994003,-9.602502435897879,0.21423995614247657,248026,9,0,4
track_0429,116.78482404779757,0.39662977062454824,0.1626178449979245,0.7717847072587425,0.11313261205067142,0.35429678799035175,-24.0038069121101,0.29868380919244786,262053,2,1,4
track_0430,73.78368182527396,0.6279316227487971,0.49520224973879606,0.2110912906564804,0.4995614853973021,0.6858330641888861,-7.55359035068833,0.08708073592679978,188783,7,1,4
track_0431,119.24091265389606,0.3324120376152797,0.7091462290413835,0.8392821975890716,0.5282605370450421,0.42749250704097197,-19.3967193168898,0.7736974988176255,362047,1,0,3
track_0432,101.0674004793682,0.8370682668822177,0.5136849635328139,0.7136782801217301,0.5569412750437289,0.12618780265781873,-7.952799361103254,0.14568319966589727,305913,11,1,3
track_0433,50.07282522457409,0.34639555916083126,0.5321066705954829,0.6212980000204159,0.0014241123031135386,0.1484951601786477,-6.750772907560275,0.3424483307466596,241115,3,1,5
track_0434,132.84890974705453,0.6522756374487785,0.4669334059446583,0.7001991427006056,0.732886347835029,0.16307156786586735,-16.39025491627759,0.9177740458880738,134685,11,1,4
track_0435,86.84997861573807,0.37570761717079026,0.9119856784760048,0.5027292162105687,0.07044817941081304,0.39596121609177815,-8.277933679737595,0.6265102790156463,259277,4,1,4
track_0436,88.98299284879336,0.3446756621122527,0.5631461303606462,0.2222407709277836,0.08394985025400453,0.08866940545647105,-16.456778739663058,0.2774015833071361,309120,0,0,4
track_0437,72.9074276613093,0.184754644013271,0.4838085599424137,0.10004200990314469,0.2429329393725166,0.03025627932665933,-18.607395678220726,0.589777588059375,367968,7,1,4
track_0438,85.37150169937334,0.702403560193361,0.3705791566799331,0.26596321164284475,0.2620421891090104,0.2673179839425404,-11.937704832092212,0.7852817261556672,271404,6,0,5
track_0439,117.83671322084751,0.18687539415466933,0.47474685493520646,0.14772763619546775,0.02213704648311908,0.13821787087977305,-8.999798419228863,0.15976268723602136,202911,2,1,4
track_0440,99.32266977190784,0.6795306041614915,0.6724038696002509,0.7023160694369976,0.027868241846741346,0.19840248282099604,-20.034619599156443,0.4526761827351955,323833,9,0,4
track_0441,114.85986006847443,0.7501607256380136,0.4442392316996467,0.313142295471406,0.6259343352589729,0.24982614745449966,-24.68771093628324,0.22727086276174277,160975,0,1,4
track_0442,115.8576556178653,0.6192481021149048,0.4510874107979889,0.26364706795601156,0.14979745142669096,0.06076505068390986,-13.016992046122937,0.6020273615794333,277549,5,1,4
track_0443,144.619849665845,0.863465747826334,0.4153608576003327,0.27715268607790144,0.1725895025717716,0.13063460948291927,-4.366109567335711,0.496255533359491,403522,11,0,3
track_0444,94.71641547406863,0.8209846927748318,0.38024208478577887,0.6814879442814825,0.2669266688523233,0.2845146371274033,-14.356931883174886,0.3928477695840577,231786,0,0,4
track_0445,60.69426549462805,0.12562153198952722,0.6065539474355591,0.04935530031942794,0.2561201741690799,0.2377047347762833,-6.451254345539757,0.795327500676756,288287,9,1,4
track_0446,137.0166724971595,0.553181156115788,0.4615608689376762,0.46685284480421163,0.09951764895733291,0.02,-7.6049747361967555,0.3128094388923906,373290,4,1,4
track_0447,95.05535483708236,0.7808756275580327,0.7243373601554453,0.5124997463869396,0.7148476774800979,0.1865227417661766,-8.837724838536236,0.4218220821413153,220785,3,1,4
track_0448,138.43777333732132,0.4261657091385572,0.9026800576306034,0.13222582029784488,0.03569450346157364,0.02,-15.151564743582869,0.2939333747355533,151265,11,1,4
track_0449,116.50131339547411,0.4339500128953618,0.593319872370464,0.3401867832996029,0.024064753256930697,0.029199738646616468,-18.0915702792261,0.6881049744015287,270594,7,1,4
track_0450,101.06587409389965,0.5719672762862419,0.1446346796572322,0.17321461002395422,0.5364914495121303,0.3412289066200385,-13.324825692086517,0.9009153021679116,344849,1,0,4
track_0451,115.46327682138886,0.46321308964801755,0.32548953561357286,0.33026732731730374,0.2406886444804061,0.42173054338071175,-21.092956448818626,0.2621669397905689,281793,11,0,4
track_0452,163.53037680378898,0.36524883706408695,0.2552629785759269,0.6309733875786065,0.16336553465730816,0.07501002974471561,-9.124568930477189,0.2700449041146654,280504,7,1,4
track_0453,167.3094158716126,0.1791603191671304,0.5106796938916527,0.31441603331292695,0.20797371908667417,0.02,-16.528889271651906,0.4015085284346387,337774,1,1,4
track_0454,107.08143405398336,0.9130010848551156,0.584185087640914,0.3913904099815426,0.30352931851605097,0.02,-15.069597366722782,0.3820272753632106,148842,4,0,3
track_0455,109.80571779951225,0.46572633647481265,0.5424417539207788,0.05192712660953281,0.4545356151832686,0.02,-15.283786729593153,0.7899654354123713,379165,11,0,4
track_0456,137.28720472399158,0.5854145418127749,0.631842021593785,0.12984912862295978,0.16834726301655167,0.08147352995582312,-18.806295075247167,0.38160689385128854,333253,1,1,4
track_0457,79.63016901697958,0.3411164541655147,0.21772756322407424,0.2891544530921702,0.13089816184899775,0.24156293190878583,-17.392871460161544,0.25082866341928167,215394,8,1,4
track_0458,114.99211117854765,0.6467990962818264,0.5804717356319418,0.09688018193481933,0.057729802285524254,0.2126096596710587,-11.864517264742158,0.2576767029129551,169172,7,0,4
track_0459,104.22411456138431,0.4939807191732146,0.7022848835536224,0.35892878878445733,0.3414931286751321,0.03181795763306693,-20.970923146265946,0.882004470718546,262141,3,0,4
track_0460,114.4172463437266,0.7448189375708674,0.2797919504598318,0.30651928692248476,0.35574492062807256,0.08438040545383431,-20.729285941880992,0.8682287546802592,363589,2,0,4
track_0461,79.99893582151782,0.5818542264904374,0.13641316211016719,0.821604056913451,0.27724871674575224,0.4145836083586321,-19.329143327691334,0.22601475211663846,150615,10,0,4
track_0462,57.31297520073093,0.09344266305080663,0.1801256190324383,0.1518248199728866,0.34328011377878576,0.02,-13.755009513863758,0.5286934948335399,151442,4,1,4
track_0463,42.810496920261244,0.2657455391979175,0.33187821075484636,0.34021043069486856,0.06741695810479731,0.18142046985248625,-23.820293836893583,0.8734845420885307,359146,8,1,4
track_0464,71.47847661031176,0.5644182285452162,0.22688824489848156,0.016138894136814706,0.5197104583675243,0.07769481006308485,-18.45536496386845,0.6988593251865272,387480,0,1,4
track_0465,91.23974145182001,0.43143380925644365,0.61700394393213,0.2427896180207037,0.403786299877844,0.020703420886489,-28.08317646901411,0.8089916491363354,235407,1,0,3
track_0466,96.20425240053714,0.7094363550299188,0.7026738406255494,0.6389850437439953,0.4385680161446806,0.13674390856846397,-23.800325360991742,0.6432750136335507,162675,11,0,4
track_0467,163.1169348728855,0.7190998253046614,0.3695767515456245,0.293278361987066,0.1670173043370847,0.02,-16.6593407059175,0.30091604534280253,200943,1,1,4
track_0468,138.17980109721896,0.5687591842182879,0.29723546665632355,0.4711871017334036,0.1940511300997241,0.10114352145746834,-12.270349541131809,0.2552112185635676,208769,1,1,5
track_0469,76.13726650975119,0.3937412881579622,0.14878848776920345,0.39229513761890095,0.06451995246788278,0.2461016325462991,-13.57536065781259,0.4783534029013665,329549,3,1,4
track_0470,115.4312535735287,0.16611015967744283,0.16102327169625028,0.19516116567820815,0.300763369449712,0.02,-14.243388422465543,0.9471073950174804,282355,1,0,4
track_0471,92.78765290949025,0.27731718593772736,0.6031917402577311,0.28567205743064944,0.0038586164800056273,0.05828889574346059,-17.536046557637725,0.5366749406323517,319939,7,1,4
track_0472,96.46908485879715,0.3927814413646189,0.40643191051254796,0.20179507674062702,0.44229438798040754,0.14276701971561556,-7.006926586306356,0.298654641974017,273138,2,0,4
track_0473,110.55976948246146,0.5088423054391994,0.6906555767991529,0.19031487560935365,0.07146181272255155,0.1095791801632376,-16.9569053296939,0.6059237231619925,121313,5,0,4
track_0474,123.5751335092618,0.5250398072468323,0.4108400467125807,0.12298573375468907,0.0062713914553719765,0.131324981254181,-22.880724553298506,0.7473994232559948,157940,4,0,4
track_0475,94.82224548347953,0.27606935504522434,0.36478991761698876,0.5184284551621796,0.444827809301518,0.03031864382610271,-5.80937450698627,0.6063520902692348,365926,8,1,4
track_0476,136.91554598203075,0.49095865932346183,0.2908670140437704,0.7104450887875597,0.14611765035217636,0.10060935906815723,-19.437057531983864,0.3439540963050566,334820,11,0,4
track_0477,70.74185321572787,0.19018383220021448,0.6212569895150715,0.6788511825048751,0.49514284092446204,0.10644262786987367,-15.822313849151339,0.3226628524221196,211360,9,0,4
track_0478,105.19017187086806,0.23192620763983873,0.5840842518306713,0.15563229606827086,0.0682252493735941,0.3394982349001166,-8.240988367081517,0.3450763543320565,127174,7,1,4
track_0479,182.93021179787496,0.4661110999106156,0.3444248667208388,0.5236653071048697,0.2728704386197029,0.17132533096165894,-18.0323499153032,0.16925388362058946,350056,1,1,4
track_0480,111.69239227875825,0.3471239541325411,0.503351921338925,0.5153215550549006,0.20035684457932465,0.1364296446778967,-7.409138335715998,0.5708358229245811,369163,2,1,4
track_0481,147.99643519818517,0.19220348827118475,0.9186320660135734,0.5056548119472282,0.5213714351146499,0.32945170728077167,-13.358705893013683,0.8467112111357123,257270,3,0,4
track_0482,107.74560534519624,0.8280059942440192,0.26441265813168724,0.4952976227005407,0.18125324576414312,0.3198215859830944,-11.017999617198614,0.3635187427561502,360150,1,0,4
track_0483,122.4233128598939,0.6390592535796138,0.8870331270137255,0.3937898209264197,0.12238360646153956,0.2778209584519363,-12.660061609079998,0.3221510486589657,197084,4,0,3
track_0484,103.29650416821926,0.36052173356683687,0.7336355258310481,0.39989666063560186,0.6692579758730632,0.05249045213711236,-15.595974572109348,0.05129857174878758,173450,4,0,4
track_0485,99.88777256507387,0.5769916351934136,0.5753230123122013,0.4118559907827106,0.13945743410472095,0.20058291625836838,-4.702180595829866,0.2147875252068228,397204,2,0,4
track_0486,81.6155280982374,0.6078331366433397,0.4862269214233732,0.21466146989961385,0.03652011689634363,0.10800835453276232,-9.508612033067088,0.1984281639112941,213624,6,0,3
track_0487,117.9090407687266,0.5275900297518887,0.9361298730043126,0.19164968083429915,0.5282861148992234,0.149015218286269,-24.5430547004975,0.6587953178807598,228305,11,0,4
track_0488,79.45388432442697,0.39137725577988297,0.726285411814316,0.7038846010192471,0.07312934893129047,0.2741220145721376,-16.802276370248002,0.5894320850823006,307747,5,0,4
track_0489,124.96755708940287,0.5018937095571033,0.5400218077271158,0.3586754273822741,0.6571543121004922,0.08654438816014864,-9.363931618290023,0.03985718240456163,402615,6,0,4
track_0490,137.5586101333773,0.7837412818115174,0.8094111829619215,0.6247810891135828,0.7895045677707938,0.03050286176779004,-28.290425576451256,0.27772440314460206,128969,1,1,5
track_0491,115.99594221711689,0.18498298792874623,0.5534141726613724,0.21971361024298824,0.1566564328591474,0.02,-19.023361803298044,0.6492151998901458,373407,3,1,4
track_0492,96.41253799332924,0.5475015154908268,0.2715154989663102,0.7059509548923192,0.3893448707065967,0.3097152844247114,-7.642487118970086,0.380476975916481,369182,6,0,4
track_0493,118.61896737926088,0.650507851304169,0.18791625546088367,0.6696151462427335,0.01150116606887259,0.02,-12.149290974032947,0.8299273611152097,241310,4,0,4
track_0494,95.73980833360763,0.3887834179051962,0.5519476698196915,0.48147474014067726,0.2924270171281592,0.02,-17.214398192397336,0.42295359065393767,392063,1,0,4
track_0495,133.06641376395447,0.4460603674920898,0.6048280286272414,0.3374421305204365,0.05612611008474433,0.10364986654922095,-9.762059952048975,0.559288389197742,345062,3,1,4
track_0496,50.057817473546294,0.6783706407384311,0.9197586910626688,0.7345124557579689,0.06145443972561396,0.4597288498351286,-0.9875062001661661,0.3335839510109644,247811,9,1,4
track_0497,94.93177895644061,0.814384684507977,0.6932412220793301,0.5622974440681141,0.003511128133889559,0.045097619923345024,-19.649581735831294,0.8377441615844887,332112,11,0,5
track_0498,45.27564014628007,0.5100168515018086,0.8359020595401288,0.12907724719863195,0.030240599477003933,0.23575199025694366,-21.391600218383473,0.2482039117082082,366833,7,0,4
track_0499,60.14817509318385,0.20831440929742084,0.6912313689894987,0.3187699502705953,0.08410961761656786,0.1854905694245133,-3.6838022787090168,0.3458410829041945,165937,10,0,4
track_0500,145.91586689441726,0.25258047503014613,0.6547245094901611,0.2715835861479205,0.11008882751310622,0.0527659860956595,-7.950911912524845,0.2876936865138688,204775,10,0,4
track_0501,131.85554945915058,0.29853678980843756,0.09038400621471636,0.3172623850106214,0.08751752358903125,0.1965973263695253,-15.735648933123757,0.7878809071128482,273989,3,1,4
track_0502,83.41559300145629,0.31095952161146556,0.5400462131486555,0.2989950154749446,0.2238861244824158,0.2424048763506322,-13.660163930103456,0.8762240657911341,334607,6,0,4
track_0503,59.924896318773094,0.7242691425465119,0.30632508161811167,0.28440124627401275,0.03805058749603207,0.17203675757054127,-8.926935540647083,0.7674668938769609,270273,9,0,4
track_0504,40.0,0.6960452734598299,0.7115820295328464,0.33337263106501047,0.16319827145049007,0.35578196649437,-8.917562735650062,0.35893336511612056,367670,7,1,4
track_0505,88.69513476202096,0.3290892668843512,0.46349108948513557,0.1860670755294458,0.30068692777270667,0.04935331615414548,-8.514081128979267,0.1882420847509785,179577,8,0,4
track_0506,177.61245036742207,0.6889562843665286,0.59900624827095,0.3825000477743365,0.6475496554759469,0.14522095992910689,-18.91247746844396,0.8185850954553986,152221,7,1,4
track_0507,118.04652814390943,0.6236154185526954,0.6495265875919515,0.28819660453896523,0.4098196946433927,0.21860103782386975,-15.593358586695537,0.3155134396842735,371180,11,0,4
track_0508,88.21283141851532,0.38267767314539397,0.34006600335875614,0.6962327636095664,0.7048274042928044,0.04761255767728731,-2.3207554264200816,0.25685135020679867,362867,3,1,4
track_0509,118.95240628500919,0.3993518664519995,0.5920942993269322,0.5125964563528005,0.3950272603338885,0.5489756569474601,-10.083403557949433,0.4434468602089929,216439,2,1,4
track_0510,58.171249410166716,0.3924850360012701,0.4123513478382538,0.4760594733186584,0.3492497163260151,0.05975316634638237,-3.9767789527096387,0.8404227418922399,231692,1,1,4
track_0511,96.08029911907093,0.9574802182982602,0.6028651399072966,0.7205799312169013,0.13942451397279876,0.07799734949605214,-12.818348102528635,0.232805981789103,412077,1,1,3
track_0512,107.98432419047215,0.3770172563751307,0.35612314331228484,0.2985226326438306,0.8082572750202179,0.13897817268635862,-17.052083394075094,0.24067502915807887,327247,8,0,4
track_0513,102.41698044536855,0.4050756753303181,0.2270027598119825,0.5713633842495998,0.23418728032306535,0.07344506186278876,-19.692836037682767,0.5482639407035307,236140,7,0,4
track_0514,128.72418365070243,0.5049066527100342,0.31341865463514085,0.21848166639277536,0.04331404709053877,0.020827817832805705,-16.48473183943068,0.4156820171890755,135741,1,1,4
track_0515,115.33935678708157,0.6519179505294336,0.2753480603096168,0.08641154329291019,0.472700143236488,0.330309237743784,-6.6595342234092065,0.05345029182893478,136236,8,1,4
track_0516,125.0497805432399,0.08376002412309848,0.3113624117112458,0.264194658681829,0.05542633164530027,0.30950241874502304,-13.356928100488862,0.4865558628683139,138809,3,1,4
track_0517,84.34883153307722,0.3862577950141306,0.719719441230903,0.4600841914158278,0.2509388539038699,0.1578882752905056,-22.71652243302743,0.7893486222033101,297004,0,0,4
track_0518,131.93446225231645,0.66373987871211,0.7799329132385517,0.19762148055878587,0.4127977147042213,0.31300061893212716,-19.87898278570989,0.9320583367248642,416947,0,1,4
track_0519,153.86810842871975,0.37645690838158735,0.3584832536771471,0.19604036414838677,0.049957139203212896,0.2797265764042384,0.0,0.20505379702399287,356526,8,1,4
track_0520,75.89551441045762,0.22159991105610383,0.7368244745254876,0.6838587131708993,0.26611941997111416,0.056056207196205875,-19.046898621112234,0.7853005464028147,155979,2,0,4
track_0521,78.3691303285632,0.7043856976945984,0.5033648009365485,0.1381926334470951,0.550434736043364,0.08040225560995437,-12.410911649219374,0.2366550228170285,303911,10,1,4
track_0522,145.07353008960698,0.8237582222038585,0.3031218808351138,0.34963074285125356,0.10872229415774598,0.31847899138142777,-8.640640050280858,0.6564262366597731,177650,8,0,4
track_0523,99.2596803991482,0.693554432046323,0.42981529648736216,0.6695718599103261,0.22138555376378,0.06096570480542837,-15.859822913381654,0.23846544709442677,137727,7,0,4
track_0524,147.11464176199672,0.46253446475651805,0.48590854125741423,0.35256325593179416,0.2786262253073895,0.08457103572638161,-28.251981425350245,0.1614441898592461,255248,8,0,4
track_0525,91.72392864323449,0.6323384243739978,0.8000395883468251,0.4128632618931444,0.22153660987680177,0.21305258323207374,-21.376754141168043,0.5397458300499316,359832,7,0,4
track_0526,148.65136728812132,0.7232665198322997,0.590515922014926,0.49105878086914184,0.12802096685514183,0.09970159092486156,-19.699905556037603,0.9229567504021958,290265,5,1,4
track_0527,108.94457450416357,0.1849660058236128,0.17886655245505825,0.1431445829247422,0.08620185478360357,0.02,-22.562592085734973,0.6435333989729051,342442,7,1,4
track_0528,112.74686469968086,0.4713040543728654,0.6251749760606065,0.161404150157609,0.3101655571505142,0.1080945267217285,-5.440559296923293,0.14532475362571154,203443,5,0,4
track_0529,151.94154065009712,0.4386240992429486,0.11878911603000415,0.1632592113394132,0.06463428196026433,0.6442677055286601,-9.20225878480875,0.7868628087765247,180447,8,1,4
track_0530,94.14688567667486,0.6129473093255087,0.159362456957568,0.47958793658692395,0.027336492903320703,0.17299737503925258,-6.557763997641363,0.6268977508219338,251931,11,0,4
track_0531,76.76633712225126,0.8770141824635295,0.1667051905957929,0.282965170485135,0.3902257982217963,0.18663112411693217,-19.380966481831464,0.47190653940357674,345539,9,1,4
track_0532,91.54307375914937,0.43020382281449426,0.647877894531622,0.34766121841164055,0.34016114321267915,0.11434784233224882,-15.424089390836084,0.3799022990031085,265442,4,0,4
track_0533,118.57001851929417,0.729904353287399,0.6364813913077225,0.6276121391408699,0.3072695476546071,0.27628562241918514,-7.856781278536641,0.35010945785606484,134884,7,1,4
track_0534,58.02722783458457,0.5225331292537915,0.056836291339784836,0.7098414978146186,0.3297731065471047,0.02,-24.607522463059745,0.6261664968374112,285928,3,0,4
track_0535,124.12412707953365,0.583486865422694,0.7120021511913277,0.3887543401185963,0.19661787418494348,0.0643946108849408,-2.947465812958871,0.33651894195259924,339238,4,0,4
track_0536,88.8368604714677,0.6003248792566152,0.4725990335621007,0.354489826863497,0.5155564756336702,0.1351443927831999,-7.079409138056489,0.8081616232480893,192207,11,1,4
track_0537,139.43437982200692,0.2079755016761023,0.22389835839186037,0.40722442177995904,0.0993682328839739,0.02,-11.49593976878293,0.4947260102837839,230823,3,1,4
track_0538,40.0,0.42663408440492506,0.8078174300541215,0.4893425515281878,0.007574292387429594,0.08018936016113135,-17.734234833131328,0.3018667451739731,362229,0,0,4
track_0539,81.40302674687494,0.2663150210409148,0.28744719402012603,0.3271251488694863,0.6015485742266394,0.1827572749374443,-21.957327084338374,0.575995154388635,283277,4,1,4
track_0540,54.40595546297694,0.5844517043715161,0.630801287104503,0.6164389610817314,0.5653890210556489,0.17216674427961592,-9.970470916632461,0.7325900470220021,179700,11,1,4
track_0541,80.21311600908143,0.7314928481984385,0.6615264766907731,0.14943440442999523,0.3145208419470324,0.18213947531904062,-4.866542052542204,0.7587138411989788,221589,3,0,4
track_0542,112.4299770332683,0.451536722209388,0.4949927617772988,0.14060294790384203,0.3150008902183434,0.02,-11.776716095486428,0.7819262629920933,306892,4,0,4
track_0543,99.62320123650736,0.43911435031715523,0.4703862796212877,0.1901020993505466,0.16942310432847524,0.04214283545265373,-10.143847991207666,0.2516105436974944,267702,8,0,4
track_0544,97.39867293155955,0.7280979262992416,0.21217809678360894,0.2294557027151595,0.18090524854375525,0.126744368287582,-9.98200598982751,0.4754854685347091,263115,1,0,4
track_0545,100.22445385859818,0.47294154274291705,0.8316443086706606,0.4819306067087784,0.1081711190519739,0.08116022902426634,-12.931047592264822,0.2049089339448054,340330,1,1,4
track_0546,111.1016472185983,0.7294224035867314,0.40533787302186336,0.603573392728137,0.3513603638196255,0.10444483001019361,-10.981731189367135,0.7602502561903632,406720,8,0,3
track_0547,74.74391874170676,0.5151289713623002,0.30204532993518346,0.4929725717800266,0.23419912330953652,0.07795609311118085,-4.800639662924372,0.4960471284073914,128765,11,1,4
track_0548,126.20548922697152,0.682491463316413,0.5910614766312645,0.1934355989081518,0.15936660181076692,0.07019144447832296,-10.559067084949552,0.28943942405506823,187240,2,0,4
track_0549,124.87997911156452,0.624792657218696,0.4798278590249237,0.6532558935246617,0.0029190854865843744,0.0767597691005604,-13.162383636109807,0.7141540240487032,389995,4,0,5
track_0550,116.55113812968303,0.3334694908380443,0.5926165603677518,0.3741961013713732,0.12698914305725117,0.18140132438306036,-18.784652542900226,0.7132595798991996,335244,8,0,4
track_0551,121.6960032825379,0.24215267542923538,0.5410738682830263,0.6765858723845604,0.08775812538185947,0.24197064189209322,-9.022013144765598,0.5527407120571273,258494,3,1,4
track_0552,113.89254002425979,0.5364456042651338,0.38547678126553403,0.265142064307766,0.16763688855321884,0.020313934256534494,-13.476324335317887,0.7455585056223464,195259,9,1,4
track_0553,166.05219908193203,0.44219591284857385,0.6476052571613532,0.2488550501919888,0.527672443246621,0.20246100861250732,-13.379717429978093,0.2562422415640373,255077,11,0,4
track_0554,102.38717486842471,0.4385419713109308,0.38390921852816384,0.5186676307382954,0.06189441338894247,0.409878343294156,-10.636960733498814,0.49236548607254627,212121,8,1,4
track_0555,95.7875034499627,0.7865763005624297,0.09927651824281805,0.13611203797371893,0.20203564290215933,0.2811837705040355,-13.833221327300102,0.48260270077231193,245259,1,0,4
track_0556,82.39417258927867,0.681427923441012,0.6229404083406311,0.44354817516277995,0.10956395217212968,0.20536259160193526,-11.677821133696836,0.740137412421691,208661,7,1,4
track_0557,74.03211988266489,0.6463513996834873,0.07267320142602664,0.469988821220641,0.6340243564638299,0.4799983148915499,-12.82472204082218,0.5012893386965691,411364,9,1,4
track_0558,67.66584637196775,0.5068970170783015,0.14279084427764585,0.4255993177642119,0.05619511403424001,0.09964006234711997,-16.096172887827596,0.153583509454137,208715,2,1,4
track_0559,78.33608060307245,0.49398879501728665,0.4765967909881376,0.36460592750536847,0.35828420753881063,0.20973974461305406,-8.671694593308217,0.7707837146057873,345111,2,1,4
track_0560,102.87958855043786,0.5417726015256725,0.5965367605126278,0.23285746948238858,0.19925062828226708,0.18931041476556076,-29.52572182124886,0.4223288154837347,346543,10,1,4
track_0561,115.02885385493144,0.5800396230725765,0.4728198816839339,0.2562800486727886,0.285583307980602,0.02,-10.466073041512175,0.6306417396782706,372449,8,1,4
track_0562,106.53426175656486,0.7584660362413637,0.5195564400059115,0.5357808361203432,0.3852613850370106,0.29258120137807764,-20.115528809679436,0.5802276836529192,395871,8,0,4
track_0563,82.03394167710861,0.46678008158979345,0.45786842728798244,0.22483955562752564,0.4622609242350366,0.02,-7.096919890714119,0.3056397356450162,214148,6,1,4
track_0564,132.0055369205989,0.4662226759238246,0.7291619080805931,0.6073761853189561,0.3757840244833407,0.1336831663778212,-24.99423530801981,0.4725204786043277,160203,1,0,4
track_0565,127.18238016902842,0.6968966827207209,0.36947854561739424,0.49853732116211774,0.2270132576366312,0.0747803956664243,-17.18746961036688,0.5025007383436285,396372,4,0,4
track_0566,100.21055077733949,0.2720150963947325,0.7190338805603415,0.2416442637768961,0.12022550005033893,0.02,-11.590871912886005,0.702279138786845,316714,4,1,4
track_0567,85.41251566005863,0.40101858974949484,0.3458500306487557,0.24396230497572408,0.45569714758598134,0.02,-14.828471451479516,0.6169585409314082,278171,8,0,4
track_0568,121.45283762489399,0.3520694562321647,0.6903230774286124,0.30073836042039337,0.14064948195609664,0.02069738073665954,-18.270517656565907,0.39366900983497416,278022,6,1,4
track_0569,110.63920762458314,0.8122496716947609,0.24727830962129088,0.15405418014446906,0.02899937302555863,0.12608952538808724,-7.413469489866684,0.7674577502289374,404888,4,1,4
track_0570,61.556182217548574,0.5211069739680179,0.7268349072684854,0.34763002304888346,0.25834281373274004,0.027529836745071132,-21.902013916037895,0.7382422400650929,362050,3,1,4
track_0571,102.96059232046785,0.43762659120805236,0.01594132007835052,0.6841159281631336,0.13151803747188656,0.15609477468544633,-13.400494436409764,0.7202909955259473,177465,4,1,4
track_0572,112.86107436223143,0.39876807615148907,0.40491996097904387,0.668397531884583,0.5556815804377544,0.13047621738482967,-17.76760260550369,0.23493209802425627,279928,10,0,4
track_0573,78.00915640536738,0.3844948376197869,0.2736859078909847,0.04013589373381323,0.029572431445069974,0.2747962909190954,-9.402301110721412,0.3389845652226088,396956,6,1,4
track_0574,110.69530178512329,0.21781844383357873,0.5183812463888909,0.10111294978095406,0.5461177593143799,0.35876191077335734,-17.465702342111555,0.2455037338786173,319938,4,0,4
track_0575,61.35532544226633,0.5364700300885361,0.7256757766107912,0.4853486703512538,0.10843265717018803,0.1339308724832312,-13.964781044154106,0.22300007360791732,146876,8,1,5
track_0576,145.08558300036512,0.52209782019634,0.8588084511687377,0.5902258975200655,0.3376904275332845,0.03888767088990512,-15.821478017696474,0.7007201352023388,385647,2,1,4
track_0577,142.43849955178297,0.16582317662398638,0.534181862017892,0.3366459511885307,0.2676455144702205,0.11560784555938254,-14.382119364749089,0.20655651415467544,258763,11,0,4
track_0578,97.42447997091105,0.7844470849408673,0.6213148799285563,0.3654639710090117,0.2587022756569822,0.036676070746324306,-13.101772803172729,0.7749633414313262,359661,10,0,4
track_0579,115.9036301351722,0.32887870376316053,0.603949286523772,0.1090315915971068,0.48963718929795624,0.024356973810577373,-13.752518516793236,0.027883066000099765,160158,10,1,4
track_0580,40.0,0.5856542711951789,0.6257466539865971,0.6866575316597084,0.1603094380503719,0.12417912683820352,-14.357012656784342,0.3127103113018856,187292,4,0,4
track_0581,70.30957019204001,0.5026438879428556,0.9022930198707946,0.5305144984038989,0.3201591976123017,0.07442652818675365,-18.18838144736808,0.22345015188714762,356655,11,1,5
track_0582,96.1866323954361,0.6074123118494715,0.5451281959582693,0.8751264870413288,0.15874530626199237,0.4013532590747394,-12.595023689147913,0.6366810474003337,170719,8,0,4
track_0583,72.83600935719423,0.15763247139339373,0.5754244059545647,0.443842274209884,0.27512251148489925,0.27277138474643464,-21.06739330682019,0.8749493376348617,188728,10,1,4
track_0584,126.43189447891976,0.6290849743975163,0.5122977098632125,0.2616900441229606,0.14169126520757455,0.11679087286743482,-11.753379905762669,0.6934318494386481,304810,10,0,4
track_0585,164.91889592243982,0.7263020026874873,0.2755876337807377,0.25096439560328376,0.6540995455724091,0.06190364596573411,-14.093059192439489,0.4638943867900041,233916,6,0,4
track_0586,69.70155841712094,0.31578618426206123,0.9373195850990812,0.18162354873845382,0.09383350248676062,0.02,-27.436247393218473,0.45392878428143846,139670,3,1,4
track_0587,79.87609787744422,0.23809199757001467,0.22732622805759414,0.6891477285050873,0.3015498010972393,0.25486530660979595,-12.841488840989438,0.29609789149077204,194933,6,0,4
track_0588,112.06345104929791,0.43093812501743084,0.5409408529429788,0.35451521772307765,0.8469464608150944,0.12965252875522792,-3.8104979798690213,0.5203102694490881,411927,4,1,4
track_0589,153.33348445498862,0.5069379949184566,0.28269669939564607,0.2057311316443061,0.18210098622355256,0.02,-14.58975581853992,0.8076558048791527,388970,8,1,4
track_0590,68.32877062380291,0.46337500569622186,0.6723149206600112,0.5055738731247044,0.4089754220263526,0.10328098134257349,-12.920594425659775,0.058941684926163695,162380,3,0,4
track_0591,112.47108366920826,0.14481851136854945,0.63905945464042,0.31374113474207505,0.08380381660142805,0.14910742903932822,-18.287524089990498,0.1343852669953319,362407,10,0,4
track_0592,159.63896552439326,0.4180088597456893,0.795864358990999,0.4015110699532623,0.18958409620007358,0.02,0.0,0.8611243515784296,305902,11,0,3
track_0593,55.44722555462198,0.4301350403582597,0.220011877165494,0.3451205157842816,0.0659154007321243,0.13619876353664348,-0.5348413054202652,0.48206392762454575,289103,10,0,4
track_0594,66.56792379462505,0.5034706464030161,0.698472568295012,0.17517549525574735,0.24086406945329325,0.2590216698309473,-3.5941957895565366,0.3162209681881853,309434,8,0,4
track_0595,92.29180180617485,0.5672904602125902,0.5044438240006549,0.14348791077735248,0.1136106111912863,0.27531197266448926,-1.4049031118178483,0.5636708095940415,349655,5,1,4
track_0596,89.38234761433768,0.6497387880864308,0.23808817537255897,0.15107057427077025,0.06955835023429441,0.3373728909658618,-19.28757191855127,0.8378368698316193,186677,11,1,3
track_0597,129.37803863260933,0.8597089498364008,0.5464530467447206,0.14180087885447434,0.1016484064609849,0.1136348868756893,-21.61575350545987,0.4978474180118493,187223,10,0,4
track_0598,112.24979159462514,0.5670067085517757,0.7562951997556359,0.2080583230088321,0.12178820962078621,0.12267714683210856,0.0,0.9308264715054784,341965,9,1,4
track_0599,51.75113821073615,0.7283388911287331,0.7597052250325266,0.7546953370195357,0.3405064991960049,0.16952092481742345,-14.965484775096247,0.6620735681679571,295326,10,0,4
track_0600,120.46231208702433,0.3533876036172073,0.35973067071737125,0.5087560080546176,0.26512116708759365,0.10296988805067589,-18.97038954623647,0.7565205954246829,238330,10,0,4
track_0601,87.67383337933049,0.2559692719350138,0.7138424113193067,0.4101095494305442,0.10158712613016073,0.051597204451953434,-11.218003048153754,0.08047330395723276,251955,6,0,4
track_0602,143.23341650823716,0.8254697029641884,0.38390298451064475,0.583098791417333,0.16202823834126936,0.0699857252042848,-20.707654002501073,0.5122056155869255,215204,0,0,3
track_0603,86.1723739068924,0.27160144746297477,0.5589796062024089,0.21121340792963747,0.5264767963612685,0.20444252820355113,-12.413460668595249,0.7365641580080404,236428,11,0,5
track_0604,85.90154150693293,0.590240425814887,0.17746721849354002,0.22304684915952933,0.1521843318345979,0.059654187358493,-18.95650145394654,0.07320004572358454,391190,5,0,4
track_0605,121.23394832413595,0.07051323423636213,0.5593671486697244,0.27425569941022865,0.20497767268493428,0.02,-8.566328317696222,0.20532944199684117,268313,7,0,4
track_0606,127.8877944701081,0.7580482104580715,0.27022176486385685,0.22424043764159235,0.40113561827918287,0.2728675717814922,-19.238923531429798,0.07984185046081498,282345,11,0,4
track_0607,118.4429809180861,0.14673011858522045,0.42103909132499834,0.22303559283073,0.051418606570568584,0.10875083187941151,-21.111060314506133,0.5489787149776283,170837,6,1,4
track_0608,54.43208047845575,0.6967015762275874,0.8302206353714602,0.6687438000531327,0.19604183524323854,0.5222910413194569,-19.63878393821009,0.9642448385836818,136992,2,1,5
track_0609,121.14103319784753,0.6283833913462895,0.47606039758155627,0.4410540459073561,0.111808989074097,0.29058629014383097,-11.982811449300137,0.597063405820453,160965,11,0,3
track_0610,73.97075844976803,0.675576218949473,0.4409421731501471,0.39528103763460376,0.14936517453955778,0.1293923363858906,-17.705281270039464,0.5038034934920098,387258,5,1,4
track_0611,112.0582833476479,0.5202443082113628,0.6149739502599171,0.45829794084093617,0.2736628441894461,0.06887409587463715,-8.723570700947857,0.6411138762499368,325218,3,0,4
track_0612,62.28796693802819,0.7104154511348493,0.3954580594745178,0.24941005073165087,0.7376192620670987,0.48039187841554026,-14.192526793430288,0.5453553471232991,170621,8,0,4
track_0613,118.38966442629192,0.3916328663298815,0.2614892126875034,0.3700850080809199,0.105731322058669,0.10217253177441828,-10.315579177224159,0.9811532235380406,219723,2,1,4
track_0614,80.80203287077882,0.6640764519665997,0.39532024441687275,0.12240820813702365,0.30701044316247283,0.32063761634044163,-19.66553877147767,0.628572616408712,284935,2,1,4
track_0615,66.52096049218434,0.8512202425231492,0.6004047066637839,0.33999356097215383,0.06862332481260336,0.03036883169937894,-14.984449844670072,0.7758212604974635,131168,5,0,4
track_0616,126.41460409447198,0.6399120353823766,0.5216859797232289,0.5096916384479417,0.6004746111250898,0.6343031580212953,-14.174696965510106,0.1323249523074834,246074,11,1,4
track_0617,112.24933565030254,0.34058164493621307,0.25588139455966963,0.5853772903240817,0.171635468150156,0.32544933342891713,-18.856676232706455,0.9075564205166295,298061,2,0,3
track_0618,86.58069595821308,0.7497178209412917,0.99,0.3894475433612096,0.07030051141460406,0.1004004327187228,-16.986023287000386,0.49318922543645294,148347,10,0,4
track_0619,148.53536547063192,0.31668318118840066,0.5323358398561977,0.3795610084534019,0.009715847363659779,0.30728957786135974,-11.59975061715651,0.5471375931122336,234091,9,0,4
track_0620,91.78042735290772,0.2542328706538655,0.5645152794704406,0.545715642589254,0.1696944253340922,0.05657611597389187,-24.177561771083305,0.821055089718269,417954,3,0,4
track_0621,105.96323021912804,0.5125552751031996,0.8326565212215311,0.4448215441226144,0.2485269584902178,0.2060847549612425,-16.68981551535785,0.25655633368066577,178304,9,1,4
track_0622,113.06740343035803,0.5179937758038227,0.38929740947850805,0.23454598141107028,0.13759383053374585,0.16012569919842318,-14.75036741212115,0.6178922517430199,205213,9,0,4
track_0623,86.41002197614159,0.6129714878468219,0.4414254330997798,0.14197829078215465,0.016966804597803153,0.40586450567023796,-21.7791489093325,0.34875400203207346,389858,8,0,3
track_0624,119.13408880199788,0.5560421367923328,0.23991672645103385,0.2895720444510438,0.5541377508907309,0.16157735018564517,-26.406209687953318,0.37572100653666357,315579,6,1,4
track_0625,88.99642958505827,0.7919786729809737,0.39350730606335793,0.34590695358374446,0.05532290335988444,0.12737469598447487,-14.478514522781685,0.49518791823734076,326138,5,0,4
track_0626,92.65085033351372,0.482918697188397,0.35648691838212376,0.27793123826222216,0.22002580770049904,0.339034697135397,-20.00211482112579,0.8146254103999967,120345,5,0,5
track_0627,145.87927919410023,0.6607965512124429,0.6527727321427372,0.5921183941825856,0.10401888766113511,0.02,-24.293717116568597,0.7116656561257584,409943,3,0,4
track_0628,73.78241842462701,0.8396887228030513,0.6409432527525056,0.2655982356953232,0.5309846400573074,0.12686263238848725,-19.03100228574293,0.8932853481503616,411487,0,1,3
track_0629,40.0,0.663579461217629,0.6902812540958213,0.2642676891898256,0.004278452619104584,0.09818138017993339,-12.509389057304206,0.0874529559578399,412780,11,0,4
track_0630,153.32810985035684,0.5980839868194274,0.26164896194877335,0.6279660092402034,0.25951611586503176,0.02,-11.648704954270034,0.7494089115693201,353021,3,1,4
track_0631,181.4798385782101,0.5423068870576649,0.18013746738592426,0.44506561441900655,0.22553801883657124,0.2595261678292814,-15.461435002470266,0.6617948540780755,130726,5,0,4
track_0632,92.84192203652005,0.7708687732921808,0.46717561565733756,0.13752326959060016,0.3334736481366833,0.1294714270626015,-7.221382899033337,0.19562420124661287,409063,6,1,4
track_0633,46.89485878139444,0.4640078971336378,0.2478429527521124,0.16723543034861055,0.08487257620650575,0.03778375942894424,-9.988926183260107,0.6567128543007408,387640,8,0,4
track_0634,95.6854807141217,0.5879160675192487,0.23254581922386452,0.6240320164862866,0.4867964971929549,0.20038696457798222,-21.321590745789884,0.16395379563639761,141912,6,1,4
track_0635,96.41331150477993,0.6704547884579406,0.6475417112263475,0.19305691214200288,0.31288806741087055,0.06435458844981683,-17.60260246588356,0.5104098216474279,285473,4,1,4
track_0636,99.30228476933229,0.44366266850035563,0.6413251948523725,0.48579951630016516,0.12841086542060529,0.3645021677935888,-26.801338189752745,0.2863562089299781,142590,7,1,4
track_0637,71.59835874234454,0.16567469180334066,0.6446651666024231,0.5503812785354318,0.30155927534861626,0.06997487987831129,-5.910830105792838,0.7613044372569858,217841,6,0,4
track_0638,122.38683427429433,0.4854237682546809,0.5990614893187766,0.7967121011975592,0.2782741943927407,0.1258301564121469,-16.91958039006389,0.4098190088187439,325392,5,0,4
track_0639,120.73522125858258,0.6189265907121138,0.8094429271415547,0.29052193154341505,0.14112222555082804,0.39909066771320384,-0.9565590837713209,0.48771580877907494,412976,5,1,4
track_0640,60.167831405420806,0.4994618063662408,0.2968917740498411,0.8957210869515695,0.32976398593114425,0.10870039718791646,-16.747781764795945,0.3464507604403501,369290,10,1,4
track_0641,125.97590195084663,0.9246745267099384,0.8019565546837769,0.5959563751187623,0.565805614285129,0.06237090388459427,-15.235287413876133,0.5353659287684134,418832,5,1,4
track_0642,166.58054945837674,0.6201079250376377,0.21337669994605393,0.26168565792442083,0.60800561430595,0.16754255776400642,-10.601033552897466,0.648299064182074,378210,9,0,3
track_0643,110.1588099731118,0.612837910453093,0.7408632225119454,0.16098427436764584,0.0013913475643109637,0.07580867452199543,-3.3684520574213224,0.9266636512961955,281673,11,0,4
track_0644,94.88024513794483,0.7075862349879638,0.8869711921387896,0.3663001511624319,0.30885168832179954,0.4757871124931224,-2.4146584627712677,0.8641324483478534,351641,9,0,4
track_0645,100.73990356777436,0.1643257316476771,0.4963458306027506,0.6338922462964978,0.03009921207346065,0.4286199025942117,-14.006921589562323,0.40944535421081946,221538,10,1,3
track_0646,123.45770300905684,0.19128678482196806,0.4942341767574156,0.4032953461625576,0.10548924239583876,0.02867468804767228,-14.534749864670552,0.3960462251775922,408989,4,0,4
track_0647,53.079851834783454,0.8324488680926959,0.3508417688887148,0.7355149486690791,0.04717764369734468,0.10939245298030949,-17.604269430602006,0.11562594495007009,213447,3,0,4
track_0648,109.93172108931907,0.5788430350591727,0.5972767284777855,0.08684935256220651,0.27666903674724813,0.032755774472836265,-2.8438085697793483,0.33230198651456055,225298,9,1,3
track_0649,93.2860815161157,0.5352101596383194,0.8653315863238854,0.19974702997213753,0.31737575523646827,0.17297892690295597,-9.990304989792214,0.7774814648234537,281853,0,0,4
track_0650,160.43475038868138,0.41907224984714114,0.6870709246010264,0.49418764111512026,0.31271496527642983,0.04208027770973178,-17.746180270004366,0.6501088065811227,366792,9,0,4
track_0651,99.77481798585126,0.38727726919796956,0.7866861336903676,0.2973107321969584,0.0208387898955715,0.3766024992571669,-8.369955875254554,0.7158315117476363,294133,5,0,3
track_0652,155.0366283335856,0.8480411287670593,0.6842077728372336,0.37105819357722,0.5380263035645804,0.02,-10.006373236624377,0.4501994314270152,330706,0,1,4
track_0653,71.88777906653979,0.8449809342949792,0.18971120950426582,0.46367242942096853,0.2443972876967047,0.44799263413644735,-18.153366675259104,0.7798318917680371,255279,0,1,4
track_0654,122.61777500408377,0.40985222617272127,0.4941338460636179,0.23372403261137203,0.46209478797370074,0.33294868400818295,-17.166500104686687,0.5257201666458217,391585,10,0,5
track_0655,114.58200791373686,0.5728303659012353,0.1841195578436222,0.7404263259300924,0.6079245721885282,0.02,-21.054658316462504,0.1621986295670842,283696,6,0,4
track_0656,78.92858256405653,0.788942135258959,0.9341033114366889,0.07722578669452071,0.030642394421808643,0.20424552365313922,-7.131207080957262,0.3093050713059762,232037,10,1,4
track_0657,110.32188343910822,0.4784510790391824,0.7810054637418493,0.5044111887715417,0.05829936270193711,0.02,-17.289001741741533,0.4658532277124252,223130,1,0,4
track_0658,141.375565104948,0.3794221378948589,0.32374811831867256,0.3340887915881057,0.19224899730745124,0.07009436530875986,-21.315009103992207,0.46405351835515035,135353,2,0,4
track_0659,95.28624887140198,0.6004978180998364,0.8103550795828804,0.8374747187536514,0.4013842043756385,0.25576915254223265,-5.195120590826484,0.8443741406846416,373708,6,0,4
track_0660,54.2411205249071,0.3747267558923125,0.6761931998219279,0.2211516726886322,0.3120679439159446,0.024827948414173403,-12.11166815070693,0.5561500421668031,340454,4,1,4
track_0661,104.47311520567662,0.8007075995817569,0.1236526632655513,0.25172550159236473,0.22553359127190464,0.09436082439521659,-26.965530301393635,0.5898774974269467,286713,9,0,4
track_0662,77.92730715622463,0.7904506019488652,0.6627209491206945,0.11194898047277999,0.2237452032704529,0.06349990436322232,-9.788776155209717,0.3415427722297936,219374,4,1,4
track_0663,94.72977184008353,0.6204361672427066,0.2206351508496747,0.2898430118589431,0.18935253065988686,0.3242507730108136,-25.738593297338113,0.4815000554054062,229910,2,0,4
track_0664,102.55236690944638,0.6674002542954489,0.4531377833344168,0.35591244981817494,0.10646586785276631,0.055431017745866985,-18.965944801614242,0.2930492765186996,180998,9,1,4
track_0665,53.83043351953448,0.5291011051764604,0.46545153092096564,0.5108535723487158,0.12614794395624573,0.4266101489599178,-11.383161004573765,0.45609842851179994,374524,1,1,4
track_0666,56.53024982037966,0.9134130327810138,0.2598300876128271,0.5356862979667316,0.17660768012922867,0.111100773902782,-11.559581504617018,0.24490213544269568,298871,2,0,4
track_0667,119.46200506576577,0.13461058610746282,0.4535814776673686,0.32024281464051674,0.683331679116643,0.3248523751497548,-18.679016875443324,0.5957383019422464,345770,1,1,4
track_0668,89.3184391149096,0.4271132488705037,0.4615565236244111,0.511473412478239,0.07073385723870067,0.13167964986230418,-22.057964306413787,0.8095509779226553,120751,4,0,3
track_0669,40.0,0.4671444799340341,0.5754205612298932,0.5223012364604023,0.4030641444572767,0.07248111217200946,-3.284360727121303,0.8064273304231488,338834,5,0,4
track_0670,128.54532109824405,0.5816914871209456,0.8180952146718756,0.4316660385588758,0.11560776223901523,0.10798745056266748,-5.112898161695323,0.7167028115000875,124556,1,0,4
track_0671,113.1710926582272,0.5161854733453948,0.5848660182215508,0.012711504752839421,0.17594815414823073,0.26604852157133074,-15.829352576095612,0.6935389089830829,142827,6,0,3
track_0672,83.58375527890549,0.6758861762114103,0.7610516395863302,0.5232159938893292,0.00903506421724803,0.19862204024698563,-14.423108889419753,0.6038026274161816,361798,7,0,4
track_0673,65.49509366825276,0.18144037052122555,0.23368348596561966,0.3349228384798156,0.18846337242534356,0.2801335043116049,-18.503328930578853,0.4511491735642669,202853,2,1,4
track_0674,130.07423688943013,0.6144240583837851,0.6986978737644901,0.2541923637393257,0.06853251492406627,0.12744572763044293,-15.890959127006141,0.8956787352583045,341286,1,1,4
track_0675,115.48051867681289,0.6532347614387747,0.8989587623616749,0.4125770390382905,0.10015792444880056,0.02,-14.12525905416398,0.32492444022103695,253181,8,1,4
track_0676,176.4780684805222,0.5177737409543177,0.8143633960019078,0.49402302208308,0.39368656147903114,0.3831408986223153,-9.575435833141167,0.6384625501985961,303180,7,0,3
track_0677,117.60565796174812,0.29235687354045137,0.4171709657854677,0.24816678729999583,0.33233137426274884,0.04935847930823214,-24.272014198353656,0.7055045344408356,153723,6,0,3
track_0678,116.63109423786045,0.5019381536447525,0.5960381330366775,0.23852064633808187,0.13574030178498064,0.10005387623051405,-11.728262214398056,0.27948907577802123,341615,7,1,4
track_0679,99.99216209674304,0.31753855468121633,0.5867807947427128,0.5812149931205478,0.0810097280562295,0.27891181256932435,-4.863812873384511,0.5990179321135843,128508,3,1,4
track_0680,129.50327601602373,0.5219550757067937,0.6069493808624049,0.5605906267925184,0.277480849321319,0.06370597315494532,-16.30190951039254,0.4588024431268918,369833,2,1,4
track_0681,123.7525560374446,0.3479463521860766,0.8871094595882193,0.5441760061745491,0.09993099880526822,0.10720343806503382,-20.192611179550603,0.0926363268233181,198439,0,0,4
track_0682,142.55175025695584,0.2280215720231858,0.6820025076428752,0.5409891157600393,0.22077027027776538,0.07535670847550778,-7.6282295445252934,0.8596047973079907,268536,5,1,4
track_0683,89.36031244088146,0.554137740964281,0.7878050899534746,0.6950500805200074,0.03096010614840572,0.2154948258026145,-20.832271587668664,0.37161504643021603,257113,8,0,4
track_0684,91.93777581168113,0.7341721273454194,0.42836665851427375,0.24537513889377455,0.8609915346619172,0.04879026666585698,-22.14583511579746,0.30684235919534514,240305,10,1,4
track_0685,90.6269048726406,0.5937603263668975,0.3068349648811927,0.5841831962793304,0.4763852714886147,0.04457824614755359,-25.278610384039055,0.37219998959176953,230220,5,1,4
track_0686,128.72405163536968,0.20530145389011553,0.7136780534807667,0.5543621990964729,0.3440295189194073,0.26421586827112103,-11.240559833366712,0.26737446075870525,309111,5,1,4
track_0687,149.95123320890195,0.23578657296320849,0.6885503656514256,0.4509064894847349,0.057430939028324204,0.14209909575469065,-21.862872055955258,0.515999286618846,378235,5,0,4
track_0688,91.23478520552098,0.4918378917860512,0.6817112995167005,0.4487813367924872,0.05426799589157347,0.2131750536139669,-24.442041400510753,0.870732709009627,415554,4,0,4
track_0689,92.25678816620726,0.6005827294694983,0.35412585198975033,0.3623376153585902,0.3657628998698165,0.11233561775885552,-13.42346064763955,0.34067824559157056,352359,7,0,4
track_0690,114.42231671609397,0.18056672115160471,0.6969878143977816,0.14273481992945838,0.24183013745224,0.17346725225947607,-20.749762615881515,0.6479705601228202,402125,5,0,4
track_0691,97.62715499961296,0.6722198803359207,0.20961610075818196,0.07242861155628254,0.03199022668352027,0.09116627913675965,-10.662401519916394,0.5161366620302541,358372,10,0,4
track_0692,133.5616095941967,0.23143492043592245,0.44968740001074053,0.08547766993653563,0.2633795435414189,0.08102513037406864,-11.196759755124477,0.8271389140747791,241643,0,0,4
track_0693,40.0,0.42141089946048166,0.7292506604004242,0.5510696309906078,0.5521014199245116,0.02,-13.811252607855286,0.7483366226326107,168086,4,0,4
track_0694,80.19884859249316,0.19258764549986293,0.478725318859115,0.2498440822491781,0.43490474051013556,0.3131058996730899,-18.975993242513347,0.8241252315481908,353665,6,0,3
track_0695,81.52750998115663,0.1279460996604461,0.19453093842193472,0.44265430659416916,0.01675617950222898,0.35735988569036875,-9.426720205786495,0.6159691944595685,378936,8,1,4
track_0696,40.0,0.502623685005778,0.2709979261255062,0.4626984216246432,0.09864862198381712,0.20396021133647615,-22.8488289194381,0.2582724337622153,315341,10,0,4
track_0697,76.09084666893588,0.20821035472959956,0.48799735682245793,0.32586975835303794,0.31276446736666125,0.02,-7.3976117171260585,0.34325014007512433,413494,8,1,4
track_0698,77.54531652462222,0.13519864865942588,0.18743137742347296,0.21003678542193852,0.19537624307609083,0.02,-15.701767790377655,0.5777427189641489,278895,3,1,3
track_0699,98.96686036443509,0.4148231269143527,0.5064283289207687,0.29052061023486747,0.1870821250135063,0.16107190607179575,-14.8651885169625,0.2869505150289381,244601,3,1,4
track_0700,138.3889767498079,0.5361546181879262,0.8777814190961422,0.6906621397255392,0.05986806200910414,0.09297461644698891,-12.064939989581,0.7155857751104459,189815,4,1,4
track_0701,97.64818046427892,0.15900761966021779,0.4030791184223965,0.07281643494634432,0.15962164610425977,0.02366345727528333,-6.513223314694953,0.6506743731906365,274902,2,1,4
track_0702,74.07558839186538,0.8173188328496298,0.500104652576634,0.180454754360842,0.0963299379129346,0.1724339111851365,-12.441185642518054,0.19781822472237043,250623,10,0,3
track_0703,103.29136376359413,0.7356891893011345,0.7231809168327298,0.2805770490664145,0.1287055248757474,0.08924739222968422,-16.99782436890978,0.40676242062974105,248529,10,1,3
track_0704,136.47520864324048,0.09767991855808036,0.42375446229076125,0.43165658835123233,0.31419933461253924,0.030134019208482177,-10.743362664729295,0.32458990191638587,237613,1,1,4
track_0705,75.72123551655285,0.5973201885040174,0.393515774360709,0.17190266724675582,0.08456294349248732,0.1112844697089757,-7.440878355836489,0.282333662467828,183164,2,0,4
track_0706,77.68275348235655,0.3987898942534262,0.6453915643599191,0.639971477612812,0.02192591143474567,0.23553124006919374,-8.089892515299251,0.27950631890039584,180491,11,0,4
track_0707,121.7564687782267,0.2525176316334266,0.6623179381811118,0.40528923803926287,0.633004826764973,0.06137497854446672,-12.95178864212615,0.8462189101923456,180552,1,1,4
track_0708,98.35391652807598,0.3327824907336493,0.3950046369561346,0.26586316894319323,0.6571400767421541,0.10135853950545087,-12.78910733224797,0.4385743141623749,350667,11,0,3
track_0709,124.42454072128423,0.3438206661314415,0.5477441973584282,0.31312369435056736,0.19593388980051413,0.08417960983399085,-11.826440794909598,0.40638334938644827,218018,2,0,4
track_0710,104.5905962461411,0.6554610347513069,0.3781855895886478,0.7289238519888753,0.1666851043551713,0.12080441886000316,-9.083353807223297,0.2616493687400129,366788,3,0,4
track_0711,126.04990944268701,0.5271172552038138,0.44307169305077554,0.6797956479673278,0.5576465186540488,0.05796295200005322,-14.96929537321481,0.746280937127925,227231,10,1,4
track_0712,73.94765657878077,0.273391282797748,0.5810013497001716,0.4803856854368629,0.23830165116742008,0.13296365483007697,-13.112152692257519,0.3402663273390516,173738,3,1,4
track_0713,104.63746047635198,0.4600734054261156,0.9711409856001403,0.12497186154132672,0.042984652729174205,0.10549605558728724,-13.285401735056256,0.5978932560294145,149107,10,1,4
track_0714,98.6792995691053,0.8845229934084178,0.33794346678051373,0.37243189183598996,0.461819756289308,0.23171721702322778,-22.564686804128005,0.653671338039054,257327,9,1,4
track_0715,68.52327227687607,0.14508286025591494,0.877945691245715,0.32730092534340677,0.08454473298834986,0.21368125788457698,-17.841809995326418,0.5402544389555628,152901,10,0,4
track_0716,58.095661563939345,0.5264189218664014,0.2506050681490734,0.33955213789864974,0.14774858216768158,0.2960234119655685,-8.08681745636068,0.6796278233097834,369653,2,1,4
track_0717,125.57247105823986,0.23279442202044345,0.38694290799808884,0.30546247912867747,0.14896718669284503,0.15922062259523986,-2.2832447674274867,0.17268662404752613,306732,4,1,4
track_0718,94.47142853346065,0.6628585768978995,0.44469633328021674,0.3401580180364465,0.2687755743696823,0.02,-13.629109195790567,0.36245219546217927,259538,4,0,3
track_0719,74.33159155058011,0.2770470295914975,0.781634621578508,0.5614990350072588,0.6860448409434956,0.02,-14.778882268514753,0.5555921222457282,306374,10,1,4
track_0720,102.11463189230004,0.2407253159724018,0.7641625648035009,0.365234531875024,0.5706661205229834,0.024525734194242435,-17.360056485976816,0.22591871187679122,127411,3,1,4
track_0721,138.84056572047908,0.20968242088852201,0.4413836753005022,0.16679918454071274,0.04214476940978013,0.4264665959608492,-28.542509153456177,0.4108847114473253,172092,11,0,4
track_0722,40.0,0.21521832416137895,0.8209172054864943,0.7284500367461082,0.1791391479859739,0.031728404293979016,-4.7017586441307095,0.533062755598643,276362,5,1,4
track_0723,60.10083930290021,0.9211912128683049,0.24310897155181,0.19490121005235655,0.46574272184754983,0.3176873082263459,-18.764554168156028,0.7720929537410695,193785,5,1,4
track_0724,77.31340674314197,0.2848188136409719,0.19312340437469286,0.2660805222066093,0.38310461131144896,0.20648703920224035,-24.014705040378665,0.44453823585719116,378288,9,0,4
track_0725,148.83536600160988,0.9404705731490312,0.14329826029306011,0.3587293041483501,0.15753034144913577,0.22120236330195173,-12.229338331908991,0.5265214351252805,278485,8,0,3
track_0726,113.47760948757889,0.5011409922139407,0.868642583249684,0.29218312802812757,0.4551337662772067,0.19551145710338574,-14.048152687032426,0.1186130587041901,357282,9,1,4
track_0727,128.01951721383682,0.42870423751851255,0.5567701180260919,0.35794916518292585,0.34737114793199225,0.02,-1.2067516619153373,0.7472240244078586,320398,2,0,4
track_0728,70.79517242621309,0.5578295440367765,0.28742614850962545,0.18702479975984782,0.12123420188650232,0.12123013447861697,-11.091615842817038,0.4684045130071122,299486,5,1,4
track_0729,71.41392374188422,0.1925154140137888,0.37046490595692877,0.1514669684156234,0.1509471087169318,0.44154613254054276,-4.486134321577197,0.6827064470370141,403585,5,1,4
track_0730,118.43441150168131,0.4486599402004444,0.6237274751662711,0.07857387576994045,0.13177990939313283,0.5324104513153848,-9.69910087575967,0.3705951106845309,280581,11,0,4
track_0731,106.7482299280634,0.8726994403353968,0.07835314261039224,0.12891152673317532,0.643820722174897,0.4323313350926858,-17.580502927415093,0.33672322274754324,393734,1,0,4
track_0732,121.4621645659238,0.6001643585007715,0.6402911930809717,0.19231567180907772,0.18137831203633706,0.15691150176637542,0.0,0.3833383413744252,132432,3,1,4
track_0733,99.36987027214644,0.3708600310578651,0.2361741010587431,0.29848459042920605,0.5011109749374387,0.04895715407315455,-4.213348965038929,0.34289778253184056,211971,10,1,4
track_0734,113.34431179363881,0.21807432801005852,0.6835246225867202,0.1005974835066265,0.240063768415521,0.02,-10.529265820783387,0.551187284875984,167693,2,1,3
track_0735,109.74357254715328,0.6672655535380002,0.6354920080454722,0.6019587007266497,0.19124011838674954,0.1610155963719132,-7.281928035741058,0.5158529239913783,208123,4,1,4
track_0736,128.33302167254777,0.6398413801975954,0.44971803789619874,0.4845704180671412,0.697784884749482,0.027549213010817572,-11.864058958033263,0.6343959561533361,235734,8,0,4
track_0737,129.21024845833412,0.29475495066856205,0.4798307932108553,0.12446057714791084,0.4796099787971683,0.02,-12.572845872700025,0.5858920487380089,234071,0,1,4
track_0738,56.4038401682469,0.712533103707775,0.47311109805540635,0.36475917726521884,0.2020816363440249,0.09210708139615624,-11.019232029701687,0.6723429368698411,360842,3,1,5
track_0739,40.0,0.5411128496908487,0.7577165704310077,0.3805858754897531,0.6367517727725116,0.265522835248424,-1.3222910493507527,0.4994102110897856,383781,6,1,4
track_0740,135.0523619295452,0.5612490218342416,0.6830093570084508,0.3736755165105409,0.09542042239301703,0.02,-6.547555352470159,0.45990415247683564,290787,2,0,4
track_0741,140.6317527978581,0.6740865613102845,0.630815803448296,0.22525092741378247,0.050492800103466136,0.1257334583571658,-13.993233162567963,0.4331973791455751,181570,2,0,4
track_0742,74.38130941459988,0.7224446352073992,0.27325108752866284,0.6967101242050252,0.05531794801394047,0.11479163741727812,-12.60101751203517,0.5333437314549301,209945,11,0,4
track_0743,49.20493780363114,0.6073942801226413,0.15105070651428146,0.4356838318418781,0.02419856766609047,0.4261917562594113,-23.370991465632365,0.9083373483242512,347607,7,1,4
track_0744,107.97104463021603,0.8317337392881201,0.7201756152237362,0.10839248932239086,0.5655262925541894,0.6080800342666967,-13.11331320120624,0.2665066750593258,127352,0,0,4
track_0745,132.9251467905159,0.7360188010157731,0.3367337460239772,0.27052459572947385,0.4158841601026077,0.26720346827106717,-10.220400425140683,0.45432764179497404,207277,9,0,4
track_0746,158.92783567302945,0.35740335934016604,0.4445497361130816,0.8471302522358938,0.391985557916873,0.08709160798914697,-11.475575674569757,0.41321185809615557,405830,4,1,4
track_0747,120.48892716304353,0.5008252260244733,0.34962424005731213,0.5874432410876017,0.011841841887289461,0.20472884943253516,-12.732514468374188,0.46222153182744224,276532,3,0,4
track_0748,93.84849910242914,0.6810513330700847,0.6588592967109691,0.5033270488132275,0.5656737997225443,0.19420712819910696,-17.952909835636643,0.4904250403187644,284418,3,0,4
track_0749,78.20608135245412,0.2993188794904719,0.1649903850954098,0.015846104549400775,0.25166908374469704,0.22286249320513193,-8.524044723783355,0.6807664706030586,257994,5,1,4
track_0750,105.34353875011963,0.6308604219328462,0.8051818898004859,0.6433893680830175,0.24156201961162851,0.5168757634465776,-7.837098418169541,0.49015032618973325,384588,3,1,4
track_0751,96.02205888344231,0.5181237622568345,0.5740043942558303,0.1213196460655816,0.22668469051213108,0.11281240111701378,-13.463398375887216,0.6803843395744454,340332,1,0,4
track_0752,74.54796282813552,0.423443005188399,0.27996782480755317,0.25978014641884073,0.02988908350083459,0.06386385247837428,-13.448772069958887,0.8355072893828357,227018,3,1,4
track_0753,166.4626695258986,0.7237836938645549,0.7042131748265174,0.6950024518660497,0.16791869155774922,0.3007783483876094,-14.12088746112207,0.6454652572659307,322261,7,0,4
track_0754,158.55505206216392,0.07177052211863101,0.7747574470420855,0.5758886565168568,0.03684679194771032,0.306171375313959,-12.08474883130186,0.5062270113125812,320189,4,1,4
track_0755,139.08146050666284,0.17324653129904544,0.33528003837104636,0.24583803412720323,0.6104505683870086,0.02,-10.801616416154657,0.6264230368331616,278004,6,0,4
track_0756,77.37448806572617,0.5531988721801132,0.5277768123965089,0.2480786119535671,0.32249654158527213,0.21148018731968612,-23.915014577120253,0.5335392513872285,149566,2,1,4
track_0757,130.65057972891836,0.3189442225481976,0.5292300604092293,0.24484003573570212,0.6911786972769178,0.02305557153900649,-16.809463075812154,0.29120018098399086,295872,1,0,4
track_0758,124.18879228493705,0.8535100299897866,0.7014101189683023,0.5179359903002255,0.04786160371380592,0.45210488432120616,-21.635823566237956,0.4606592223522358,230429,9,1,4
track_0759,118.27636872612159,0.7171135494288737,0.5950791643731025,0.473925632024167,0.49441772789577054,0.09737082903468317,-17.26707990832493,0.27264018521141375,306222,11,0,4
track_0760,142.48995801131332,0.13009757563591642,0.44924515733364484,0.08876871873218949,0.034504082411260066,0.5194005631533383,-6.658147633202516,0.44548755997881034,353736,3,0,4
track_0761,124.06113428583832,0.5878111629901372,0.653019189661245,0.5813811891658185,0.0800580519727302,0.3262078760776683,-19.952994943321265,0.4521586399841348,367543,10,1,4
track_0762,127.20042708913007,0.15508428512136221,0.37143683475946343,0.44792225854835477,0.24256817444383,0.07229461699388684,-23.578916417568728,0.5442473631649205,398246,8,0,4
track_0763,124.1071885011663,0.5554024259750147,0.7861422107728632,0.7789137320647478,0.4005261882721486,0.3550614423212421,-21.995828650140652,0.4216675540890716,207191,3,1,3
track_0764,115.22374224006317,0.37920330072997693,0.3926876940141667,0.2972796014223715,0.5895561531005479,0.2704440552038778,-12.393112398024874,0.4211003484094759,246645,4,0,4
track_0765,51.4916661085745,0.4000245189724712,0.6337977153102132,0.4872853215583232,0.4810942301031504,0.09003898658367333,-9.711902948392861,0.506789778545924,251589,7,0,4
track_0766,107.50863232231671,0.47654034167017884,0.42237053895697146,0.6819644144434971,0.19426347083728354,0.09342382889542654,-13.866105729520463,0.18057907389750896,188316,7,0,3
track_0767,88.31424123452624,0.778862044525029,0.4135068019419359,0.3016819518629944,0.3306819897373557,0.02,-26.532829345401648,0.32083959007842633,309081,10,1,4
track_0768,66.60477127079938,0.9346521391244795,0.39353643393143284,0.6159373713358159,0.3074596136731374,0.2098558727098892,-18.271230783913673,0.5518946257373347,365360,6,0,4
track_0769,155.45449857902472,0.805810231533443,0.315937730270787,0.5493021358913904,0.24925529920565345,0.12351429097374676,-4.1812313233845675,0.7773996879854908,411266,1,0,3
track_0770,156.86986022657112,0.7767193674959768,0.04793359958602799,0.43114343824747936,0.13809039036791992,0.2694485187419515,-13.426027201660643,0.5226823682090088,129795,0,1,4
track_0771,145.77661800886835,0.6520696737320323,0.5294927642807025,0.4882348729917682,0.14536561849580312,0.10111690810688585,-26.521932456230996,0.37562048683394506,350373,5,0,4
track_0772,112.65640250567624,0.4734106772912129,0.4251343720788145,0.42490297852756614,0.07016258003499139,0.12514146121173944,-18.963751160554505,0.6612287750980843,194070,4,0,4
track_0773,145.5187536285797,0.6919909841964058,0.37446109438121084,0.22007956647701224,0.5731351004962386,0.29529231731846123,-26.512721773971386,0.3991683489727673,353909,7,1,4
track_0774,105.36159541805476,0.8125543932669491,0.904183463115621,0.2628058919344813,0.5533117483182719,0.27826427002110954,-16.926268199384086,0.4190738001256298,190993,11,1,4
track_0775,111.08391830693338,0.6657444259323347,0.6274973449355472,0.5196088110938116,0.18366556716598914,0.4355319792557008,-13.323507694338968,0.5033719196597788,167721,10,1,4
track_0776,72.19585888614051,0.4955731053910972,0.7324418621380592,0.34499592869639395,0.16138607658436505,0.05540139023194291,-14.976934579960101,0.360176810836393,283395,2,1,4
track_0777,116.9097391349652,0.5652989282743248,0.5176349880942958,0.09634523586039968,0.25488147237810915,0.048703354037869837,-16.363031804972625,0.19133235507059898,331818,11,0,4
track_0778,106.81157785273251,0.6840568261963431,0.2996324696550695,0.26536462068611594,0.250937675675201,0.060406596442481905,-1.4972599159022497,0.34522085955632126,177882,1,0,4
track_0779,65.92043649496607,0.3429731947550197,0.8381624172680845,0.14837918150244625,0.017742149029453518,0.24500430363109937,-12.676866020929141,0.5706592689714468,149183,2,0,3
track_0780,103.46408664550209,0.2914037185611432,0.12679711465939197,0.5331712754711918,0.2809589701307621,0.35564708674901035,-16.12427068133484,0.5797528597773762,304823,6,1,4
track_0781,102.60811308429575,0.7065387722957603,0.5558902244121542,0.05071864449421085,0.4304520093345729,0.4963023618296783,-9.352102145850003,0.6741835195465427,133694,11,0,4
track_0782,158.9268349993392,0.7007329182309172,0.9179819756747793,0.261503370134535,0.1284132642616496,0.15543134842447875,-9.307080730462454,0.34380861198962626,258509,3,1,4
track_0783,131.8263998554023,0.08267229366114408,0.4661141837310283,0.5213268553500217,0.6062501723860593,0.02752172256088559,-11.529522284847792,0.2517315377649024,253277,4,0,4
track_0784,105.34336317274398,0.7816992533617297,0.8085105167939229,0.380862539543456,0.12613249675080532,0.21904276791545943,0.0,0.6582356811693362,134730,2,0,4
track_0785,112.46361929403248,0.4202505245080107,0.3470521371637277,0.6648193322370493,0.39361155217989985,0.2636191154157856,-18.491505810508635,0.7048359669565017,352703,7,0,4
track_0786,106.32637134312594,0.7181727760874822,0.2559671459324282,0.3433692627396908,0.04673836341467262,0.20202794629901813,-6.40905718259275,0.366009656696344,128978,2,1,4
track_0787,98.91258045613357,0.418219393188737,0.9255394763549357,0.3511528939897116,0.3014145960138921,0.4069834677810542,-6.996680715061611,0.5211476109184296,348506,2,1,4
track_0788,72.5271840783514,0.6001579522327755,0.8202584043720239,0.22316136508926204,0.15307641837803992,0.39125318826086103,-22.722912743694806,0.20908792565652182,405794,4,1,4
track_0789,100.46844367179212,0.6570621774132369,0.23478794532941963,0.025679045747227777,0.29719924342878346,0.209723306576163,-10.710987124974618,0.35028621629469614,180318,7,1,4
track_0790,82.6170523004246,0.5065953908335714,0.2506662513522835,0.12862737211101355,0.008150524982926627,0.02,-19.764363410202872,0.33466609535760755,367541,4,0,4
track_0791,67.4905338323056,0.6523778573373048,0.7152158923942278,0.20633131850030476,0.19900898852558266,0.23375284698475055,-13.522926295131331,0.2947722301667833,190373,6,0,4
track_0792,120.33665443642604,0.23087992178267722,0.8675112042813727,0.23200488837241665,0.22008622122350271,0.08414885762200737,-6.540731875080713,0.8954549558311323,301652,6,0,4
track_0793,116.73793979799704,0.3789350124213371,0.9470794893970971,0.374668105189723,0.15020816583829943,0.4801058491563194,-13.145212582592837,0.5945503973625067,371775,0,1,4
track_0794,51.39877465895766,0.4456741155414227,0.5988761479254273,0.7730888824375174,0.44198037889402153,0.16739416476318011,-27.138640560255933,0.3793845494731712,335384,7,1,4
track_0795,101.31946087514618,0.3950396484644766,0.5380199385905255,0.10195073464051188,0.12004709365445237,0.02,-9.244186079179741,0.7656212691935833,333631,2,1,4
track_0796,134.8710415769977,0.44712110670929933,0.7522673994440356,0.3868990398366599,0.5178016645034981,0.22399542927773602,-23.41902717215126,0.3293354227912657,312259,4,0,4
track_0797,136.77671216688964,0.8532527195063295,0.3161534665220951,0.42830397631209705,0.14588594271488156,0.4054713482676325,-16.84135719179944,0.12133919187029416,333067,4,0,4
track_0798,135.77510528655716,0.19344793363193288,0.7049222695975478,0.7013893299563819,0.2799683167521336,0.025103851879589193,-6.586514412520598,0.7565186330892857,369418,3,0,3
track_0799,106.1673962070438,0.7287697151256658,0.7136835618242294,0.2300533502195384,0.1720593626095248,0.2264600317436998,-21.009792526070413,0.6796219338462474,170317,2,0,4
track_0800,79.64864016092547,0.53621140313544,0.16760887787257855,0.7144320791886084,0.4775684129359942,0.02,-11.01682030174384,0.7241825790415657,184565,1,1,4
track_0801,72.48903517925818,0.554865038266141,0.2709444970122042,0.15101919200397487,0.38915608945481084,0.5177269942885557,-18.356299246298487,0.3364541823693473,395637,1,0,4
track_0802,115.33814714251072,0.8007533194088583,0.9337412917110042,0.26215104562029645,0.23699955674570686,0.06623369881739932,-27.56145642598919,0.24315213094790208,176717,6,0,4
track_0803,116.37840103095489,0.5444522348002743,0.7241691754602285,0.43717155969190347,0.4618404353112241,0.3716041945281405,-18.38801386008393,0.8050313725808971,386798,4,0,4
track_0804,143.61993334815196,0.7323215812833508,0.49725478411862223,0.6530501073384063,0.020802809096813396,0.40657842858063176,-18.00694068777981,0.425220131056547,168647,9,0,4
track_0805,137.99938951026252,0.8088839058726386,0.8870497903539784,0.16833532406229304,0.09104087385315947,0.3072151179259088,-21.748476255648196,0.45731204851301327,222490,7,0,4
track_0806,101.03314030406483,0.4309605764870039,0.8641647046579125,0.6407993626894791,0.08922639362921686,0.077759308346873,-13.873944706211878,0.6100281664111339,125568,9,0,4
track_0807,67.67382363417391,0.5666025986731053,0.32836404396166546,0.5779614366278072,0.23498209094059497,0.32308299879199914,-13.550721414493252,0.43093183731908774,323491,9,1,4
track_0808,95.42680208967306,0.18195879954436223,0.3423766745310085,0.2901570988573256,0.363029372235929,0.023258017927539003,-16.592555676314433,0.43302649018212913,319358,4,0,4
track_0809,111.51693584431574,0.2968423725605247,0.6017339414747845,0.5099144102895662,0.4661490194111826,0.12479190367345323,-16.420868468771378,0.43909877342808346,382263,5,0,4
track_0810,98.93750263831788,0.34782293300688544,0.20743919734958402,0.552184598050096,0.06254747263793144,0.05040283993458915,-9.931937656337976,0.8094806612247489,352726,9,1,4
track_0811,87.66317675767033,0.6990108825038537,0.6468481721866084,0.6542820101655412,0.21795689336407528,0.021375410388125557,-22.288958009373033,0.6640481420138712,349145,2,1,4
track_0812,112.58654444909696,0.19862847452778593,0.8835289734324246,0.18271792442998708,0.02556954174839735,0.1295221807511678,-6.712413411272682,0.72842792925866,262720,2,1,4
track_0813,89.88126775768168,0.6460296070949484,0.45875183161612876,0.37574760797288165,0.11862514119142414,0.1334754883072333,-17.82144183977217,0.4504655685754435,276391,9,1,4
track_0814,86.15801748823878,0.8048649919394921,0.3232615106281628,0.32092891075637653,0.415922952088522,0.20665002246823047,-16.16122034222368,0.6141081597237131,323866,9,1,5
track_0815,114.34358502910318,0.40147649458104917,0.38211330801897636,0.11247769307625834,0.49221384811770835,0.02,-19.637333769351596,0.9008022301046874,168585,6,0,4
track_0816,92.94022259612386,0.3144928850152606,0.5981214291166299,0.4858063077701214,0.23360885211033203,0.11666276972570712,-21.13680514728385,0.9115257167210115,173130,9,1,3
track_0817,112.32313166935056,0.5914641168850345,0.14726306728812513,0.3814548445917723,0.009029075472481848,0.16535293838435253,-7.873265148582471,0.9365007928344197,183523,9,0,4
track_0818,113.19612068556368,0.5860711753283873,0.18778114587773348,0.21116750348881985,0.1535457017781772,0.4688517222590962,-19.033256080724854,0.3799970464636105,413516,4,0,4
track_0819,70.81712996725275,0.505024624195355,0.6926828048010392,0.27599068975895225,0.23252419783970577,0.21401083480993097,-10.874828093507048,0.8785374056314789,199127,8,1,4
track_0820,90.56276628403764,0.6897882407190777,0.3120642994676973,0.4154602346707867,0.06938820251103706,0.0727755499878969,-11.53714122453274,0.1702859358195638,234729,3,0,3
track_0821,148.13330819749388,0.7604734899246991,0.7926984903480265,0.35452668758338635,0.17201897095215446,0.023163325772337776,-15.51584639383509,0.3386617026879434,172929,1,0,4
track_0822,70.1376146179714,0.4635263946879141,0.5601937259281414,0.3417570016075593,0.3359068666913946,0.145844940151084,-7.23650514468682,0.6233287951692187,273786,5,1,4
track_0823,41.50036653088407,0.18496336619921536,0.4987875695679274,0.5658990552905264,0.23164832734395022,0.07932742453993571,-13.395697617778618,0.15066568973298253,330206,3,0,4
track_0824,49.144645402724656,0.40907373611054426,0.9681019438224027,0.4814193460396645,0.28975422106828314,0.09191934782248758,-27.19201792919554,0.5629335098026689,378778,10,1,3
track_0825,105.87329839730008,0.31701388791248747,0.8071096767157672,0.29741236233175017,0.2679194847412773,0.174286107115058,-17.880084368147518,0.5973514141484698,182089,10,1,4
track_0826,105.92751834098097,0.7542637778090283,0.7209643355459483,0.26486234946315723,0.12431430332926253,0.2903501691253048,0.0,0.6315046497995415,187575,1,1,4
track_0827,101.47167433724637,0.2574432100043762,0.11931078764871485,0.4653439629929221,0.08656831518202653,0.12473752823311181,-13.71662951569776,0.5662911275892686,174556,9,1,4
track_0828,141.42569486785504,0.6149040850092107,0.3567902052741519,0.2573286545889696,0.3973559891529426,0.2663266478252548,-14.494157845845068,0.850801334211743,217247,9,0,4
track_0829,40.0,0.6084271114292514,0.3377819722905941,0.5708411145982927,0.187862726359,0.526570243891239,-7.848087207037679,0.5604745200335275,231762,0,0,4
track_0830,116.87801623292471,0.24824708210327948,0.09222872715719165,0.5473373477042819,0.034193771686510534,0.08008709005714101,-5.22875152821433,0.49921288988281604,205693,3,0,4
track_0831,151.8431460541072,0.8436710195061572,0.5085383690561246,0.7718398295759791,0.45564026949652897,0.04779926070532073,-19.697504830036358,0.4665295259316783,137130,5,1,4
track_0832,71.16657705324857,0.7451926495236346,0.5333086238966083,0.26528183778294223,0.3221259478794737,0.28499094549539844,-13.88757923267972,0.5652673415153553,343262,11,1,4
track_0833,93.60580464630314,0.5465986810765354,0.07105954409257643,0.17474358940484516,0.1301007743372385,0.1949584962907804,-14.008507572605554,0.6667225878961568,354547,7,0,4
track_0834,82.41324248314137,0.6054372248879993,0.3169679967502441,0.5262739037868046,0.1077708932530328,0.12700777585083578,-22.792633502437095,0.27897166966221953,165738,9,1,4
track_0835,78.16961861767413,0.38166782454853465,0.705252528585848,0.09397074084639649,0.29295327749544536,0.1839740757448357,-15.272360238068899,0.8860314860786896,359054,6,0,3
track_0836,95.2121398493088,0.5688876003435099,0.1619911609285236,0.2213971425040491,0.06656662504736599,0.06432223410903978,-12.673624223209995,0.27607342804547425,198839,0,1,4
track_0837,147.82455851053516,0.1682572492432916,0.5341537716196566,0.682621698352767,0.3857163940925627,0.02,-15.211189997951745,0.1152693700615067,320173,5,1,4
track_0838,160.1216002646256,0.6465881197432848,0.3129905971458867,0.5343502803671571,0.027953475481798263,0.28024535844171167,-1.758556412515098,0.09087333138478035,352616,6,1,4
track_0839,94.92182324879556,0.3160411997045323,0.343145035089843,0.05538248437441368,0.19968254241838368,0.1342570915410668,-9.272177988389888,0.378340198986459,121327,8,0,4
track_0840,162.1518064219341,0.8206795372253324,0.16848801253767448,0.24611982121719408,0.030529546834198538,0.02,-11.921168880371505,0.30907304444674993,234599,11,1,4
track_0841,106.06729430953875,0.32036878760944615,0.500020630055177,0.3436201695830803,0.1469174911634242,0.13445971891420824,-13.811864137059212,0.42131676194186546,169846,1,1,4
track_0842,157.61073080103245,0.4548781000030845,0.39481430712103144,0.4909524789151967,0.4580231698995397,0.049543941824769205,-9.388070103010502,0.48009905355410976,309517,8,1,4
track_0843,102.20104051039525,0.6623460942575298,0.44592789916346953,0.48267821363277963,0.06538583029682332,0.3434471279709052,-15.413209542838757,0.7226916963173522,408682,10,0,4
track_0844,108.93173478138434,0.512992674895655,0.5625268750970622,0.5920163124324745,0.2693347122424187,0.06454594806745223,-23.45690835053351,0.868148901744181,156181,11,0,4
track_0845,115.96423417928503,0.5344137094147238,0.5170157817267614,0.2504801808421177,0.19044294105439205,0.6383910232360862,-21.48335388160836,0.8423341083470819,301775,7,1,4
track_0846,200.36561038102604,0.24284180855909307,0.6176663197148837,0.3248703489018575,0.4546345314739996,0.0677043682946971,-12.46748621815272,0.1614503985641127,245595,8,0,4
track_0847,130.53856724534367,0.48656033154260786,0.6194715475519085,0.25831223228089,0.14979420013486613,0.25569509268415413,-6.217899921245037,0.7862849536138798,238691,10,1,3
track_0848,83.78206410145609,0.5100783106871287,0.41480305249168126,0.3172606311658062,0.654181123383895,0.06269730091839902,-16.644692281611988,0.5697028830624373,416757,4,1,4
track_0849,134.06993610827573,0.48051263821289925,0.4332486409274749,0.5968130846905434,0.4515470381163009,0.13888887914518894,-8.468476974699799,0.5746746988251155,318809,11,0,4
track_0850,94.14502388746976,0.7395070884104469,0.574334961567773,0.45835447503302307,0.14652812620477063,0.09005525633005265,-11.230822251801923,0.25223777509405504,296647,7,1,4
track_0851,90.30749451296373,0.3035616704682826,0.16680388995166887,0.1670470695162482,0.4552448692606965,0.26117719055392435,-6.869732104261724,0.6343571007644362,139320,7,1,4
track_0852,132.25804079676334,0.46398745988947004,0.5000538988166624,0.34987701480748296,0.1409969071487261,0.16598548101688113,-20.801534718945874,0.40491896760025775,391212,8,1,4
track_0853,105.93256763313458,0.13658240126882976,0.4032028269264096,0.33624271630219965,0.34060197186952107,0.15192540816682798,-21.00881639573373,0.31615456741535514,316286,0,1,4
track_0854,113.35727743535418,0.39672690257133614,0.2002008713803172,0.741775796973207,0.051483576213313835,0.05830666840048218,-3.186326960166971,0.5355203276248575,280823,1,0,4
track_0855,105.41955665595877,0.12041242998487485,0.8864613176225395,0.33726078134624854,0.14316117971665718,0.6154033754981575,-24.54938686398981,0.5551399988525324,415418,0,0,4
track_0856,115.09749379816304,0.33104919468239025,0.7658709754986314,0.6774798985922847,0.010674701420998038,0.26458728684317706,-11.673175644228323,0.2992371879492935,301337,4,0,4
track_0857,117.74897692308448,0.8244142207629281,0.9070254089970636,0.24805382501771786,0.08201903845001664,0.3814328844383628,-4.354364107414057,0.2405879104698023,169889,9,0,4
track_0858,46.890992018837544,0.6970518255739521,0.5557545173525332,0.6025884812240291,0.14523481638275962,0.251917351268813,-11.423505207805539,0.13084582438718279,138243,11,1,4
track_0859,124.997180058286,0.7669197948054153,0.45853049879305874,0.47869108088493245,0.7765864908976834,0.09844977653544161,-5.304508602285601,0.277536021383968,244210,7,1,4
track_0860,75.53941740509099,0.42890822643013304,0.5407823867121101,0.10267029462927178,0.3426326803128853,0.21094414100189032,-5.828714634960399,0.4478998899424484,390112,0,0,4
track_0861,61.731025933217666,0.5168473675144047,0.2394634167433863,0.42586774828306306,0.052525482235299646,0.10165360890179995,-8.956653697681936,0.7502619518453667,217417,5,0,4
track_0862,103.24766268423953,0.7966714850544513,0.7338220367130264,0.37214990189159186,0.1510416998658138,0.07110355865240449,-11.741431892027434,0.3840079393839748,291937,1,0,4
track_0863,107.51943009943363,0.4188574351113402,0.38274046239581094,0.447041416061326,0.22979001787320216,0.10785568664622364,-20.84907118696818,0.6673729460629828,183103,6,1,4
track_0864,84.19481506283158,0.5392970379162583,0.540516640839948,0.41417619972433106,0.09760259358844586,0.5884055229443106,-22.745737098653123,0.5882153607149345,325269,10,0,4
track_0865,129.93095573003922,0.3153080853323545,0.5502766132875457,0.14329020232542927,0.14705224424304986,0.15082760134672848,-15.318624019646938,0.35315993142237606,275559,4,1,3
track_0866,64.73474500887279,0.6623496711929512,0.4767610389462695,0.2292281143611439,0.16362656037126258,0.07092135097786333,-25.256326946941627,0.6800357806802589,139534,1,1,4
track_0867,92.79168753682323,0.42659325637850326,0.35592605840762137,0.6416596153231461,0.042510461861051535,0.2278314030737767,-10.364312455703953,0.8658163639964512,406324,1,0,4
track_0868,87.45377595200998,0.6628866679934651,0.1656259166049115,0.19052150570900794,0.18318056974960364,0.15633684602934106,0.0,0.86817747470079,305696,2,1,4
track_0869,103.60238188981982,0.3108216556586454,0.5696790995524174,0.8767422885357689,0.21806852536304905,0.17763820737054284,-13.731030597217396,0.4055463858408264,275369,6,0,4
track_0870,113.36592853941717,0.741373532788311,0.20363530399478508,0.5226165268581101,0.11198023136737624,0.21652092561648328,-11.747783989365395,0.7185115564104764,131902,8,1,4
track_0871,74.76321151129366,0.288419387010588,0.2311786011709699,0.598121921369435,0.11473799867430158,0.045210283239838216,-21.31657943472613,0.40738765891918965,126430,6,0,4
track_0872,126.72848032368685,0.0970563692011735,0.2673554318940762,0.4601927508727304,0.21047525473023862,0.02,-14.801369303837538,0.8132843809841915,155729,10,1,4
track_0873,106.89007105004099,0.390817859579913,0.13595590398590188,0.5837008486229293,0.1095583931485468,0.0918980687728892,-13.597106742526304,0.5908996507695637,355010,2,1,4
track_0874,48.24161240064269,0.7411469047413111,0.7355475693618215,0.456748914087379,0.1935599345586482,0.19979659848541434,-15.484249105008562,0.22833410219649575,322366,0,1,3
track_0875,46.242256788089065,0.3502871639835192,0.4433690579377737,0.3365803129078757,0.3285002215379446,0.11111144697093735,-11.539910029751729,0.13080135677764057,340563,3,1,4
track_0876,104.63042121212067,0.5348240562048342,0.7036229229456783,0.212077557632441,0.21570381468982022,0.13540710552610863,-18.037486845512543,0.3019552850313593,151794,7,0,4
track_0877,98.37098046640938,0.36033417343910973,0.14480856073772985,0.6728599951414925,0.2833224005004462,0.16208418121087764,-13.256009514278134,0.2897088702026714,342627,3,0,4
track_0878,101.897396592761,0.691650419705196,0.44489035926077986,0.22403287421132076,0.16464491216061194,0.3223738701013377,-11.107760566780993,0.324484231118881,248209,6,1,4
track_0879,104.16052630409347,0.7981902942937904,0.3069306477013836,0.22308551524683162,0.13639456305272524,0.3674524525861,-5.557852425425047,0.3819399497357548,410942,1,0,3
track_0880,111.76679518530543,0.47940006546625524,0.3921976361039546,0.7139446218688622,0.3062120965986043,0.05393760448684122,-13.462173252688997,0.5068424316898732,313799,10,0,4
track_0881,133.429488295449,0.2408396987554216,0.5237343144635696,0.6838557694445148,0.13415739451369546,0.07951852512093634,-17.64444457704114,0.20511598657318594,382219,3,0,4
track_0882,71.66685297247325,0.4540862933467599,0.42456608407724167,0.18099480929731462,0.23265908062858112,0.052242187562781664,-14.897347701075095,0.44115853945674566,213300,8,0,4
track_0883,69.84085221297616,0.7436709454937981,0.31040395031907947,0.18212301119661473,0.08597831274169385,0.07213508656373382,-11.200258909234034,0.6901740697540559,267261,11,0,4
track_0884,72.20028426337853,0.22852037987760104,0.6705862165680039,0.4725873370808643,0.17498428950376158,0.05391995281415517,-19.58106907302501,0.25162472600148356,152100,4,1,4
track_0885,113.66750001506121,0.5257499875297744,0.6700645187199263,0.11791703470034817,0.28181351640269386,0.19484172360823684,-18.418150580884095,0.9271352843595184,264767,0,1,4
track_0886,142.34842135939337,0.4599662285653698,0.5892511410871059,0.6046459687313568,0.04325504447769597,0.11239409082156247,-13.248642400585489,0.34410104789591994,196178,1,0,3
track_0887,92.05981685281469,0.05030430723969676,0.29272917660713393,0.10565541187054119,0.3819249274835839,0.031724388808380626,-26.34964039740433,0.4927230031422144,137305,2,1,4
track_0888,40.0,0.2691100747818568,0.6089867447764579,0.6630320598967173,0.048693764377878625,0.02,-14.836095745758216,0.6392271661888721,200548,10,1,4
track_0889,53.88021412168874,0.3726022042540443,0.3458488598884118,0.44956448791566583,0.3199789107480913,0.03317025553968898,-16.742053671746607,0.39052116960195987,313325,9,1,4
track_0890,80.00889831611966,0.7595589372859219,0.7053714824823842,0.39711323269000337,0.2227676482278522,0.1505481604994711,-10.507055089152022,0.6110319718116419,343181,11,1,4
track_0891,88.26813337514355,0.5428189208740248,0.8189360920920218,0.4685655922403704,0.3038510929961539,0.029689409930535707,-19.36771073176623,0.13307738926866722,230397,4,1,4
track_0892,92.7483411823582,0.47597090126150454,0.6128910443822185,0.2216514223502263,0.1003034362970634,0.16734754784024686,-16.70133856915107,0.2185049485457249,374851,7,0,4
track_0893,106.1574336894275,0.6815751822251803,0.6735646127305356,0.17679681766235691,0.030793264716813967,0.2718468338034734,-14.285041829791014,0.6016114512506225,342427,0,0,4
track_0894,95.64761007532658,0.1646937357056287,0.7357782205538601,0.49987790843998914,0.24272093907540843,0.1034437834928213,-18.33277815366774,0.6605760586863946,386555,6,0,3
track_0895,136.48018831630222,0.3802269443384096,0.4430184570535274,0.24331757587370628,0.629912452089202,0.18695988656143872,-20.06063840028245,0.4044558861459307,294232,9,0,4
track_0896,84.71948082955893,0.4628950143248382,0.16530910850035527,0.3917555888519104,0.14858100259887258,0.1442854446761975,-18.056995866177793,0.6535753392239305,363436,5,1,4
track_0897,79.1304612157337,0.7030228825908729,0.45618335584559944,0.2092165150535874,0.28654901679369144,0.26975165475192675,-26.879003626609613,0.571365736394732,252566,10,0,4
track_0898,119.36626615561384,0.37188112665066625,0.7837038328852981,0.4111027708006078,0.1399851463509985,0.2125407932228566,-20.108725420676596,0.7851137943873263,200179,10,1,4
track_0899,58.93073790221642,0.42938924530165246,0.17896731530465287,0.5359226518048614,0.005422508805490984,0.05230936616306031,-10.491775645068397,0.02303970596783547,293328,1,1,4
track_0900,116.69075115960007,0.4771839393015693,0.14307275152282103,0.4119372156746808,0.14993492868668337,0.04359464122213976,-23.37635021320529,0.4608824949398804,139332,9,1,4
track_0901,108.076595511788,0.4937803582073753,0.5087485268094488,0.18451710218668282,0.07122988720969468,0.02,-20.652677661745248,0.6639143515852528,205105,2,0,4
track_0902,100.57672530245497,0.7511203426775311,0.6771647647144367,0.22400116126152878,0.20465364345835377,0.02,-15.843429579220821,0.5100601648948196,351227,0,0,4
track_0903,152.64828321447789,0.6146982466442474,0.6801352689407648,0.42051546393317146,0.2422595981106669,0.08674177158714029,-9.917144836436911,0.770099322243074,242388,11,0,4
track_0904,86.33377664115847,0.42615081439864333,0.5905167667847749,0.4086471983424693,0.565209780909384,0.11308261286691287,-21.779245425310673,0.9522408468748397,373364,10,1,5
track_0905,166.80894511572234,0.7560361907587161,0.4152414095030721,0.45252481857034593,0.04864984355094216,0.02333657868360294,-18.12626778442553,0.7186541693884586,213144,7,0,4
track_0906,98.23705652315702,0.18390035086070117,0.8979162911552548,0.28260862760047506,0.2512798501308442,0.022472995320638452,-6.008835132813665,0.47275152268133713,212033,6,1,4
track_0907,66.68950665089315,0.3912824086421736,0.09047466186764548,0.3433603664581743,0.14733581176231134,0.36682465975824324,-13.184844995801923,0.33978379741960546,367055,1,0,4
track_0908,107.09758742984476,0.6246532295816892,0.41631694612173203,0.33141591498932704,0.09147161279653922,0.18972454520287368,-10.131452623252546,0.30193180181590595,395899,5,1,4
track_0909,72.71264399043696,0.5862796525256958,0.2501243912382418,0.6773765204048698,0.24632816268462707,0.023404674642336434,-20.55005264270932,0.5017454817351341,158380,8,1,4
track_0910,82.447324565595,0.33088574717034347,0.3697384660195961,0.24119381108376486,0.31637336911019576,0.02,-18.029215682319183,0.8489277235569057,183955,9,1,5
track_0911,116.91099900046473,0.3495133675188992,0.6274148880126148,0.7576863923691051,0.057827835439105024,0.41808804634497043,-8.036822929157063,0.47568272447855536,320450,8,0,3
track_0912,121.66746265950374,0.19690138728035894,0.3105462541830973,0.36739739525467324,0.08262438799192881,0.19974329043719274,-12.0349915333917,0.756028980371164,155939,11,0,4
track_0913,86.33496899237225,0.3857718886314431,0.4455041961873031,0.11298984165955989,0.028761411754049178,0.18159938736805162,-10.612614645643793,0.786335758402483,158278,1,1,4
track_0914,134.62215435139203,0.28186503028937565,0.5938065644941984,0.06522718697621435,0.1315270507778649,0.19577630411448463,-9.958500717420979,0.6622575665165579,177485,0,0,4
track_0915,139.72523274063403,0.3287087865588243,0.543340522441616,0.8183086619668865,0.30868005482303607,0.18943682663955322,-9.010455000381747,0.278510716579751,252454,4,0,4
track_0916,148.08905269689873,0.4454089958403325,0.5525782962036098,0.8891490440875575,0.37780210111986273,0.17659654674556619,-16.449489853408814,0.17538688538398617,235119,4,0,4
track_0917,120.88240221377167,0.8950079237039165,0.2398293607883087,0.0799639972733182,0.02099727206084088,0.02,-20.662612301939923,0.20955095919503047,202356,10,1,4
track_0918,145.90286136257095,0.6257578710452649,0.6198192677844157,0.12287761482455598,0.06335264841427668,0.40637853450783457,-18.310918267867425,0.35170274537083795,135012,6,0,4
track_0919,48.576047160778266,0.555439459408704,0.5840437822358101,0.4990998966082762,0.14747425204251752,0.02,-16.634444198014098,0.45306298969400133,396321,2,0,4
track_0920,95.46280354114612,0.11138884359431236,0.1104629495406504,0.2797654713429423,0.5899532881320194,0.09840993430255743,-27.651483137695482,0.4073948015486569,127767,11,0,4
track_0921,78.9898423102972,0.46392976195595437,0.531540679218614,0.5744637265096422,0.20143434133031132,0.6172754810967619,-11.250348840231966,0.08310937952458534,296830,7,0,3
track_0922,108.57677583382176,0.916488356719852,0.8237922558013625,0.8538448073947017,0.10122565055938526,0.3076428850502114,-8.851603616197682,0.21192901857953858,357254,2,0,4
track_0923,87.85652342409787,0.40709268842757246,0.7984965386009825,0.7180844209030274,0.6779854981101451,0.062418971005188256,-13.469035795134584,0.9838031994658918,292276,9,0,4
track_0924,100.01526474150803,0.6541972794767521,0.7745239178364333,0.5768195700368591,0.15773386968693653,0.07056970908471487,-18.121836897387603,0.5938144581593998,374900,8,1,4
track_0925,161.46524640612148,0.453808112385686,0.3279262856167716,0.1841867625986374,0.2547379625174933,0.15891406491849192,-13.538995892609245,0.5980424269829695,330875,1,0,4
track_0926,99.90840610738866,0.6560928606902849,0.685361917794653,0.12957363773480293,0.05579143039679844,0.0890882226574276,-24.336672796762354,0.7159333985120974,284778,8,1,4
track_0927,117.41376951570642,0.6400432584614486,0.3437018927583276,0.33480643275494854,0.09574726046109491,0.11862341107476625,-24.88968994269147,0.5076354733580384,307854,9,0,3
track_0928,98.03192010227295,0.7746935641420925,0.34634258379414684,0.6708164423321938,0.030495874035800653,0.06235204990852882,-3.9490284106709357,0.7815691429354554,196552,7,0,4
track_0929,107.27139863870501,0.0639887683209384,0.8819357523177516,0.35132388226321565,0.06967960022958429,0.02,-26.38843168917254,0.64854542594988,145377,8,1,3
track_0930,105.18050041308214,0.07592989560575487,0.116099835137799,0.3151109112896222,0.19078132551362423,0.03615665399848279,-9.213470185556055,0.5620327909655862,193415,4,0,4
track_0931,118.44972197919478,0.45018664241735445,0.7806523933745442,0.23852381079059953,0.61001035665438,0.33274531360511495,-5.837373930965189,0.7047978009208253,298668,9,1,4
track_0932,139.9592260664153,0.8033081934007779,0.5286168368821914,0.5931166264778944,0.08482905246111953,0.10226312213088275,-14.319015216310783,0.7845035350666362,233290,8,0,4
track_0933,154.42181992809986,0.650042702095625,0.6714393956691694,0.4251216914511989,0.41273805212483405,0.20701416540490666,-14.614442055417811,0.379828491735686,360084,5,1,4
track_0934,114.288602457275,0.5261095451004582,0.6089459743983849,0.6855107293452036,0.6055129437957343,0.3487724486899402,-13.165518366446397,0.322920108484121,405359,0,1,4
track_0935,122.68640658106807,0.3395414054781777,0.7589286179506806,0.1402241834080145,0.48477018787515924,0.3798373029053019,-27.11655752696572,0.2053312586211035,404109,8,0,4
track_0936,70.47406472443299,0.5758276812098941,0.40677642384817814,0.7176134717397439,0.8596148445117229,0.3167872765728306,-17.991434362817508,0.10452171567979206,179667,6,0,4
track_0937,102.36369772753139,0.2382103348306014,0.3770517208357577,0.29441440881378667,0.3579254894392742,0.44114839872369993,-5.66985870420279,0.8551331712644956,159820,6,0,4
track_0938,133.20868394650768,0.9807369842022363,0.638618836782378,0.5306787536947991,0.0034002099954200263,0.18588928462170776,-13.495135822993296,0.6883202305280091,277409,9,1,4
track_0939,130.9790591525146,0.6448211046578047,0.7685570209224899,0.16282369723549484,0.10068184020566445,0.10740815866137335,-15.15241306647472,0.21004760919028576,151646,9,1,4
track_0940,111.34829198385151,0.6755047195672853,0.4142327810957498,0.5358134714743313,0.7208284035211678,0.15818353375363797,-13.774908973970344,0.3245479124688317,339137,0,1,4
track_0941,131.59181878703856,0.5324234071627186,0.33206262317102364,0.13510537102894427,0.05266758148664688,0.31767826740039007,-18.41616708701925,0.5305268038899484,374102,8,1,4
track_0942,119.72300126981456,0.29794714480840323,0.6850586846189193,0.37961989834677307,0.4367623126675693,0.13327084118413224,-21.61788049649728,0.4961936599065584,356179,0,0,4
track_0943,141.00918774777966,0.20463852142525438,0.5023668617420874,0.4105096624208557,0.3717749451489031,0.09762373904437513,-8.595399375823813,0.1286931818311801,171759,8,1,4
track_0944,113.68077470871333,0.3620835465056844,0.5371186129207446,0.3289273339879818,0.005969971028044292,0.34481705031682375,-19.83327435830749,0.4054806242841741,154398,9,0,4
track_0945,94.32905053286896,0.6906589061520355,0.7379760962909218,0.0770002852862376,0.5590780006479221,0.04321056250604228,-0.8372437858236683,0.6984754442820459,138253,1,1,4
track_0946,115.07523770799071,0.6906638942563632,0.5873399887368682,0.6732168408352485,0.39462600706426026,0.25346706084806664,-16.018170253363127,0.8422419555720443,218735,1,1,4
track_0947,40.0,0.14622340150231905,0.7786167404527018,0.21953511856457522,0.23276938646848155,0.24821101993348693,-12.02413026336042,0.4338905310861045,305486,10,1,4
track_0948,116.48657209155148,0.7236157925207581,0.42767971909606056,0.4508960968687424,0.02521037176784455,0.3593791904699687,-4.17258047904785,0.30538344361922065,135861,3,1,3
track_0949,40.0,0.5023939277523618,0.5206160157313279,0.46097622283281997,0.7413216746503348,0.06920783027465267,-11.37543853607899,0.35849414407265656,220114,10,1,4
track_0950,53.29609777783746,0.2619344637645207,0.47046045052011454,0.5116559632768536,0.2707389040591402,0.04534925210706818,-22.507741320825826,0.7197975097049581,374751,0,0,4
track_0951,118.55305802822953,0.20967466042775704,0.7967929292365598,0.4488940693965653,0.490155778044978,0.12232562670845122,-17.753791716449243,0.23434674879092982,398682,3,0,4
track_0952,119.32588011800385,0.7885196616795448,0.1388927331868009,0.3489430978561711,0.13933805283502615,0.11878300189748317,-24.514003767824867,0.25751928624848036,339148,8,0,3
track_0953,70.12713659580209,0.4534060233776759,0.19679291059049328,0.22646530347681698,0.6020989683408142,0.23858155182932095,-15.460856327099965,0.8660561614792442,126252,8,1,3
track_0954,83.63693874363184,0.01941800719300492,0.13875647947905026,0.7016841390665032,0.1341941064746846,0.39890258715175375,-20.45270900979136,0.6917290481484766,135061,4,1,4
track_0955,146.11622965842395,0.6848196624853433,0.6974243847692444,0.21177751905807168,0.46179229351920775,0.19266801875470416,-15.606368108721906,0.45901802307301437,260630,3,0,4
track_0956,90.47909605281971,0.11715732320430676,0.820219670571403,0.3289552347096913,0.05024584069289752,0.037952003616042077,-5.963619253224351,0.32017385699718476,303713,7,1,4
track_0957,172.28760937208955,0.19317552736048998,0.49442259323517573,0.35106594294249005,0.1904628438592999,0.05296528866476103,-4.030076227381038,0.24168649700383962,150064,4,0,4
track_0958,104.94240440470962,0.26245658523141985,0.1611217842163778,0.32240133897767487,0.03443562153142784,0.05835744884383391,-24.824151171627285,0.38281634456425995,274785,9,1,4
track_0959,117.24108530643801,0.7405923910466613,0.8813597368816057,0.26982381431089814,0.7306688513365748,0.07446487932960875,-24.925093473541835,0.248624979106549,344494,1,0,4
track_0960,153.50623195495822,0.6371126274162784,0.4955393674636229,0.414261392962258,0.10102115718290318,0.6137461247225832,-13.824789801882728,0.16133499885072886,235904,11,1,4
track_0961,108.93081348580259,0.5876472213519938,0.48772803133124454,0.10919186515423775,0.2930827308967176,0.2936781935797614,-15.50739375555003,0.7860191929322949,416750,3,0,4
track_0962,74.92968057927597,0.34598049675170295,0.8223826946434941,0.561105173615271,0.00041106674717429577,0.051892676675225534,-22.42520565267185,0.48637944981044223,214338,6,1,4
track_0963,101.70817644917129,0.470151725081187,0.41657201549210476,0.2743462969512869,0.013232982701339052,0.2920316352380558,-15.723773507435816,0.31130805834714165,343180,2,1,4
track_0964,103.93167791429727,0.5066326637197908,0.4393444890648814,0.382351706021573,0.10335921246645509,0.04405764654446978,-14.51146691245905,0.41459286607515466,200103,6,0,4
track_0965,64.05775043395303,0.5014305998646196,0.2756973944068241,0.14754442108062318,0.17153648321286935,0.026335107413038135,-16.386872532208297,0.5795566260570234,196665,2,0,4
track_0966,97.32503785977529,0.49554267915999906,0.7198909118193176,0.18596885954710282,0.09620288852819099,0.02,-6.946198957198299,0.5296760306827929,256733,1,1,4
track_0967,82.7342371800769,0.6786618589732379,0.4936580652546472,0.35342101969034645,0.2651955635832787,0.17873431388467215,-7.962192929668685,0.21757049338897722,136343,10,0,3
track_0968,132.73073271562302,0.5659303171736204,0.6380508294803562,0.05526672194950208,0.19162050811489045,0.02,-15.222320691856002,0.14690203416260725,321718,0,0,4
track_0969,106.03835622555766,0.34460994767448205,0.6212291342230363,0.6380917780096031,0.5004296814323608,0.02,-6.83453101561714,0.8071039779082413,130006,11,1,4
track_0970,96.5161275255729,0.6223657991281913,0.6227871669745193,0.6569129635129777,0.22709476317688593,0.1804638041442129,-8.996185238314881,0.4647555263299114,290086,7,0,4
track_0971,101.81454208132271,0.8000577079642678,0.8495051135839499,0.4291752718694579,0.6288097111657075,0.25215228218758934,-13.752749570137686,0.43939079904314626,329035,6,1,4
track_0972,111.69366055218498,0.5519076481109793,0.562402996422502,0.5533864829065078,0.035379647903294446,0.07097696116479255,-29.962025714819234,0.6633586129143996,304663,0,0,3
track_0973,123.50442599069339,0.7091885321876982,0.5249164216884976,0.21544438023454576,0.1940408882866835,0.2744764355698048,-23.034684315766874,0.3589704434399322,314857,11,0,4
track_0974,75.00863313991856,0.6854633911811148,0.8072415626095008,0.1882685816175965,0.06455239645699863,0.21855966332462506,-16.94853813047644,0.5071983347120916,292532,10,1,4
track_0975,73.75237102136185,0.2712271796272821,0.2779657865135771,0.13509107972694154,0.05991654070173184,0.07006189291275158,-11.570362470560891,0.6904619911067059,322914,10,0,4
track_0976,138.1403764620759,0.8788264575493747,0.19941757008140218,0.10560469483373591,0.12114852628906221,0.2752317302166713,-22.516242530562693,0.4639121484614736,328457,5,0,4
track_0977,92.62989383385808,0.2517927744983412,0.6849510002483736,0.34158718788334597,0.8437584909473083,0.05389708869419435,-7.8494796602753585,0.8206891232899965,391491,2,0,4
track_0978,62.494737222093775,0.8052018085472226,0.5823689794605319,0.2504048810251421,0.7358789241730559,0.059862718673620446,-5.656855932736395,0.15083515386016447,374314,9,0,4
track_0979,118.31438128149314,0.5301293283639611,0.10914780176135759,0.330337749150969,0.16651217132802973,0.027830773855877913,-11.644851701945923,0.9691719680482493,155888,8,1,4
track_0980,118.9010941809806,0.9086756479428494,0.4199700890304347,0.31220614613894154,0.16991858500405904,0.15211095561917803,-11.376860672439332,0.47319700837783363,252210,7,0,4
track_0981,59.078542282298805,0.4092343768832827,0.45917862648057567,0.14336236977872674,0.22030508143643068,0.10521729471104178,-9.993967253858383,0.23864399864067848,362586,10,1,4
track_0982,111.88445146390819,0.47480334200874014,0.6635704064239897,0.48491704700789734,0.26553848106382627,0.28668054864555165,-12.011171153302719,0.14269187469797842,131307,4,0,3
track_0983,127.06749277285121,0.8117927690581805,0.6678419182806656,0.2882400354950971,0.35032503943898513,0.1915229194911369,-13.976054417623025,0.6101092884332151,321380,1,1,4
track_0984,116.2315935511879,0.5065511121853233,0.25263196694885814,0.20066946210810319,0.5303150538000115,0.02,-15.259491183902119,0.10367319008649376,191916,3,1,4
track_0985,123.95944451284186,0.724479885317274,0.7563204801994556,0.2856197440713259,0.13634538209562996,0.04034035913302588,-8.84857081994905,0.7428404197141908,256850,8,0,4
track_0986,62.87192705727753,0.9040701387104175,0.7347996506770255,0.47110952329315986,0.15967427344252694,0.39404444718387666,-9.070409797478398,0.3024399088576443,139879,8,1,4
track_0987,114.93120464988587,0.9412800370808508,0.3932351354641901,0.6859621294524585,0.19689788618381124,0.053015163730417494,-22.792751386564454,0.6710259237577465,140005,8,1,4
track_0988,95.9214072158866,0.6957872593665695,0.9182268532151365,0.44888984092812323,0.6101224556073459,0.12204324488104888,-14.61734476113412,0.7252531946493828,279503,1,1,5
track_0989,90.51629523826065,0.19543715592767202,0.5751867832848588,0.4985990063080389,0.02313703671647119,0.023811411797971162,-11.426321085747269,0.43708776826366263,247100,8,1,4
track_0990,131.1166682825918,0.4074108298486123,0.6647051678832602,0.12170141897481317,0.1151075530302535,0.02,-23.341443130305137,0.6418393284388337,166583,11,1,3
track_0991,149.3782353202269,0.0690545085451285,0.544457511531376,0.7360399989660807,0.2185877161866251,0.2269945987917833,-10.581393495085262,0.9084729327734422,190887,2,0,4
track_0992,158.83110163801075,0.5004703066909357,0.5699545303838557,0.5207926134203839,0.2253448533919577,0.08191166290866485,-15.477076496381,0.31246731048328025,217462,9,1,4
track_0993,144.44423614517714,0.9717718647224731,0.6410363622048535,0.5357074045654684,0.001476764546819129,0.1741549524019629,-2.572177789781488,0.8516869620789781,363001,9,1,4
track_0994,101.7079745510945,0.7882646560535826,0.6336597330098993,0.2452671716475676,0.3407728929319473,0.19572213476097386,-9.936347524876368,0.6254608081817233,290556,7,0,4
track_0995,115.58160489079029,0.7863792939733933,0.764700027471754,0.21428980386094704,0.390726676628971,0.13946138704390243,-13.72622085562425,0.2770035158528185,325984,0,0,4
track_0996,128.0046861535273,0.3028842834634383,0.7276345912028404,0.3281378153104757,0.8512778542270687,0.17879958083220923,-11.618778794087534,0.6715549058550624,155417,7,1,4
track_0997,108.63533847898385,0.6306055729721818,0.5082588099712595,0.16995294802516478,0.15312319444621747,0.02,-13.595081790000236,0.3700578512976763,253204,4,0,4
track_0998,108.92292563734632,0.5224356060679928,0.39309230434106457,0.29541999468117264,0.3971632521623002,0.04299674705157344,-23.662423014465517,0.39546556899367524,375773,11,1,4
track_0999,129.71259395628545,0.2883915745306016,0.17562612299943586,0.48089879165953753,0.3263557713172089,0.05797113037326823,-14.666454277839293,0.24042843892250537,342631,0,0,4
track_1000,103.22152061922203,0.8733918961788212,0.6685259184498354,0.056529374558471845,0.21784058623049626,0.3215031735229508,-24.25636610749163,0.4131251509724905,214627,0,1,4
track_1001,83.12139190879016,0.21534905339939223,0.7885553048639523,0.3051531838312191,0.5414392624172037,0.1558071309077902,-16.20863644559601,0.4934987770123327,231385,8,1,4
track_1002,92.56580802492425,0.2431573635804443,0.7780773470722071,0.13086038171103773,0.22028693758743315,0.04860997616434824,-13.434667418813708,0.9097165653338252,162291,3,0,4
track_1003,124.01731133201227,0.5718519397591713,0.8727792002685205,0.3488407573753998,0.39930226851704914,0.1982713579757767,-21.725346449886487,0.4907502527451563,275949,4,1,4
track_1004,105.08979873599867,0.40406925984669473,0.549995826041338,0.16366109765091696,0.06705136849555712,0.1093257788311372,-14.78316579355179,0.8619280760846986,234518,10,0,4
track_1005,115.20629930605014,0.2869684681269505,0.10523184420251969,0.7861635359562968,0.5920766495917847,0.05678049984442465,-5.390235376644942,0.5965165970042158,163835,3,0,4
track_1006,125.1023772660657,0.3283166049635983,0.3614982226197309,0.020406899711992856,0.21736832939560063,0.1514371086724753,-17.5822644034468,0.38201578362013033,130848,4,0,3
track_1007,93.7547561130717,0.7068327876335001,0.41765441592205743,0.48090805947488097,0.18132970433018442,0.06644678439382384,-20.022069991500658,0.825110427299494,280696,3,0,4
track_1008,127.68744490889418,0.9105459277258315,0.7723351343695112,0.4788786153779077,0.5647795454682458,0.15839721782975233,-7.681273385702234,0.5255975035926186,124365,8,0,4
track_1009,116.36527810375183,0.5546224590910079,0.45067341100504293,0.3106451089563859,0.5531387350660059,0.02,-12.971627042856742,0.6380202361364484,405709,1,1,4
track_1010,67.95560739265565,0.6203562757038021,0.9757003396630369,0.3182402412834742,0.12766376753308628,0.07391131233022363,-14.478296633247115,0.3074806171232737,292572,5,1,4
track_1011,148.26914373558733,0.5562152656904229,0.4675342742523308,0.5517604055580236,0.20167905566968747,0.04712802107842786,-11.07185064990535,0.4692593731454637,394713,2,0,4
track_1012,89.97765768729252,0.5235562599723849,0.6496281700060291,0.4816793391756158,0.24860334574907209,0.2084451646843415,-13.296533519179988,0.34476897539554585,207716,0,1,4
track_1013,55.34713970444449,0.7783293577265925,0.7686758679341769,0.08470316186231855,0.16638164594386814,0.11731568657252829,-18.90029512851696,0.44175701730297157,259739,9,1,4
track_1014,73.64868871241093,0.13517804206053396,0.11418527308487339,0.34119868761399386,0.30737146968115664,0.16340447185975296,-21.181840326518827,0.3969247978170561,232919,9,0,4
track_1015,74.36864517965034,0.43865420196920835,0.04934661617933272,0.633876166335486,0.09226160740930178,0.15896613977399218,-3.5093694269463818,0.5290970446463011,263724,11,0,4
track_1016,106.56519955972601,0.21002438571558013,0.34849393643453225,0.4936402692430431,0.03335590411150242,0.19898581422843534,-11.445483110887846,0.4621471912826541,312992,7,0,4
track_1017,96.78448483361288,0.51642546565918,0.7204360660648094,0.24238512031044995,0.30541465737881307,0.4371973340153685,-4.876583467679769,0.912404668939112,193476,10,1,4
track_1018,94.89504097078222,0.5602248393789473,0.3819143961611634,0.45322580715435745,0.5193931762064113,0.16581332878567034,-15.72128495496797,0.4588683311492563,382693,4,1,4
track_1019,123.59105896447437,0.5114991795457158,0.5159927043574439,0.35628807510450455,0.452955230942439,0.10905893978570777,-6.824264205083265,0.4536001085361262,366905,1,0,4
track_1020,115.19626083578112,0.8697348748040672,0.8613744065552955,0.08698810946440928,0.2515430262526482,0.1436774874849249,-18.98075585638983,0.7743660321545054,225039,10,0,3
track_1021,114.48143611932859,0.734910049432258,0.31361574682050053,0.39059944808853225,0.3836978326686378,0.10883579242325914,-23.728855153272868,0.36285548518851707,147729,4,0,4
track_1022,117.29485371986078,0.07744792426169642,0.11381530626214588,0.21793207635921066,0.15948391602397458,0.25688516815485485,-11.433122089521554,0.697625579106883,305267,4,1,4
track_1023,123.48404004006714,0.5809988064482379,0.4718350805385931,0.6995932877522522,0.5066417040637304,0.19986054806435608,-8.636356953390903,0.5879196697018839,418968,0,1,4
track_1024,41.76139974667671,0.7970049997212856,0.257854501414621,0.5920687085969973,0.31276533299404335,0.023759267945489444,-7.946303315325,0.8926590246403735,262090,5,1,4
track_1025,94.06685243206617,0.6451932523764377,0.5914290344110527,0.2529295117465554,0.18100452063101313,0.07354724067049592,-11.706047236348534,0.6327776040199548,319418,4,1,4
track_1026,40.0,0.8664685344166346,0.293388206368319,0.08577345200891723,0.7281560439182747,0.02,-18.336474036071852,0.616322492177791,244244,5,1,4
track_1027,106.08179780393387,0.5972247256906942,0.7537090648824667,0.3223883610170038,0.11278190453827,0.14452679734095322,-11.93739202178356,0.8595220061363219,224998,3,1,4
track_1028,104.86101083326965,0.7802186775273785,0.8171069889395272,0.2963747931632187,0.5879952546056921,0.17396458017263788,-12.030194311292776,0.34105750531713563,231836,0,0,4
track_1029,136.36596824369042,0.5814976550438602,0.19932943212117604,0.06920922697864099,0.3873823348078399,0.10341796653027006,-14.68852578614006,0.2379260927231954,314395,8,1,4
track_1030,140.6290317816336,0.5396890884187853,0.1975946532658361,0.38684812543626523,0.23480730275165881,0.2725105762096235,-16.96853605788818,0.37358249469293064,361380,9,0,4
track_1031,111.08325144757102,0.5555293912773303,0.7431862040168519,0.595513094862894,0.023064246329368335,0.23825286867164064,-21.03051333892264,0.22572196471216172,384266,8,1,4
track_1032,89.989167678093,0.35916572612770137,0.164797786260603,0.3873401895530363,0.12079608973740677,0.21897294694436592,-13.02522998342594,0.9103103385004903,253401,11,0,4
track_1033,119.55483337637213,0.2796710944674243,0.5203172587927773,0.7081130960267406,0.4724966569031957,0.3810199885506935,-12.816524755245824,0.30281439828129875,350972,5,0,4
track_1034,89.16247088027059,0.5772753818755936,0.1475445825661255,0.6049913902067607,0.008568463987448004,0.10611186545941,-23.061482835074337,0.09386120042908093,170684,5,1,4
track_1035,104.95822045669954,0.3478391131436797,0.5066012725597034,0.6008896525505936,0.5868941088080222,0.02,-2.5804899209456877,0.5027383864525706,167991,5,1,4
track_1036,134.58408950882304,0.7440935892301839,0.8056732712915008,0.36789376852250943,0.5397549907969792,0.06867736528449568,-22.856937202006456,0.9068436734455473,346364,7,1,4
track_1037,88.26685962031729,0.8586521223415899,0.7375644012547208,0.6945945008495509,0.05653148026030303,0.04886654699706133,-18.302852990342153,0.35533918312663065,271484,7,0,4
track_1038,129.17035917727503,0.24266400604963567,0.24717357378881727,0.4340470148220137,0.48656459673633,0.064005025158748,-12.763492800897069,0.1643427528723373,290579,10,0,4
track_1039,125.32204106076907,0.1059962798924554,0.16203530575467767,0.21660960654728623,0.23631897987181236,0.02,-11.963507508102975,0.1760221376292729,281934,6,0,5
track_1040,76.35624548607535,0.21438413087226846,0.509788087498455,0.230337087758003,0.2022301760243287,0.02,-19.19852376307587,0.1643801465776476,260249,3,1,3
track_1041,134.21682384652203,0.4744077620930368,0.13036297355919652,0.049122469705749905,0.0955224704544664,0.28723632832210333,-19.92284068142571,0.3613810500375395,273271,11,1,4
track_1042,125.95699036114516,0.7985210130486265,0.3310628123011022,0.536242763465418,0.6424092702017055,0.21223052658418934,-14.900735822721677,0.4925251319493456,190295,3,0,4
track_1043,108.05777662117973,0.7580378279641318,0.17508397106299753,0.5560131190497011,0.1296538842844558,0.025446743460997803,-14.454648875439215,0.6795969318629199,144056,0,0,4
track_1044,82.13029625917044,0.20223361705831294,0.10107385759168838,0.6390766365519474,0.5953458536134254,0.08910468527457457,-5.697420482163604,0.7650369728173649,165784,10,0,4
track_1045,79.2238194427329,0.6069998160700671,0.017371584346508803,0.43133487621777095,0.4409481411660354,0.02,-20.745030495580846,0.6693266366675021,142424,7,0,4
track_1046,88.87012269290932,0.403258981431957,0.6047511451976957,0.26316560474188844,0.5718037421729043,0.34480618567434396,-13.86549073156447,0.4602376064358941,314576,3,0,4
track_1047,121.2778338987588,0.4630299912257705,0.20167122998723522,0.4488615183143988,0.09403307533507131,0.1011639374725346,-15.23541637239538,0.9184874818834956,379836,2,1,4
track_1048,76.33124497795806,0.40936696214146395,0.7916888094841615,0.46622836499093195,0.03743359269231344,0.0511010583716675,-12.008275387823751,0.18097286272959873,146020,4,1,4
track_1049,118.1253674585961,0.5217625784076595,0.6090142697634499,0.17633553176516592,0.29236685904623744,0.15011690340928346,-15.933362857052558,0.6052322960664791,168753,6,1,4
track_1050,67.74733413364822,0.5934785395161136,0.5275487415652367,0.32027157926694216,0.4942430489509628,0.04727251867506147,-7.941790460823505,0.7560219606000625,120975,1,0,4
track_1051,98.87794246683453,0.4732378345306156,0.6181184167292452,0.4466144636938156,0.7371232735846167,0.35692720130961375,-10.231087456666236,0.057269507796999,184053,4,1,4
track_1052,108.28943263722026,0.43112116473705675,0.4166549547711586,0.8427513036937915,0.057363574271823564,0.2309409935953377,-6.4257472766077095,0.8349968744877355,208459,9,0,4
track_1053,178.35390435176748,0.9084037918772034,0.48755754987244176,0.42984558744253154,0.022682051591925448,0.03238096070130686,-13.536031683161204,0.556835666037075,234248,7,0,4
track_1054,63.680530334388976,0.8405584891593915,0.9319599633010865,0.31864314445565783,0.2490768842304168,0.23117183982073108,-14.359395901796237,0.531279322818999,305982,4,0,4
track_1055,149.160436994704,0.7660507737234884,0.8607658688439066,0.6558765894378593,0.09827287345620105,0.030573805950456584,-16.668964507132184,0.22081668735784624,365380,7,0,4
track_1056,109.4952724196184,0.8008742525441206,0.5242695207100015,0.9018629738854966,0.08343036839294035,0.08037328504707372,-23.206997966687197,0.13410835990804115,180472,5,1,4
track_1057,117.33515754047889,0.49604681823707275,0.22531571982949625,0.6029530029623154,0.0105916971681083,0.14450040741030984,-12.022992324325138,0.1474716808824256,217580,10,0,4
track_1058,108.55043740164614,0.38383197716066164,0.6660591897059828,0.41346042008608974,0.770098799095913,0.032125353984931916,-11.605247159271668,0.40252254611424926,304996,11,0,3
track_1059,118.34180454585699,0.8336232320230507,0.3564337657659346,0.6726906982505408,0.2164157080880248,0.02,-10.940089809987672,0.13893574248341176,189543,1,1,4
track_1060,100.38944686913946,0.8463944706726793,0.3441690919895999,0.5445371094277512,0.10632091343064616,0.37773587998481,-16.65129941244666,0.6606790055407329,156895,11,0,4
track_1061,148.62150544372375,0.741500032447063,0.4218226829497275,0.18906150761005874,0.3495741974457386,0.02,-21.264706973420186,0.9509774724639998,418565,11,0,3
track_1062,91.30586567325832,0.4617812480804512,0.6657020715815053,0.26235764674621825,0.12489803455506367,0.13539702446588753,-19.163580972021155,0.5965783644145699,284851,7,0,4
track_1063,138.96703716537743,0.12954331514125828,0.569291374819521,0.4149351315372419,0.2524997609528061,0.02,-12.93619638850614,0.14387583028122305,382976,9,1,3
track_1064,85.66898639360932,0.575418510331549,0.5664279190055185,0.144532572559667,0.24046734735854092,0.4507645168065514,-7.644279486348424,0.9018534600279777,390830,7,0,4
track_1065,103.19244460796139,0.31312324315994033,0.34474833905831404,0.3316682134052055,0.28853737665732937,0.5130864284319271,-23.768109976765775,0.7927256724893194,122977,7,1,4
track_1066,72.84112343129343,0.5383818172202159,0.6960237389323353,0.4490374045602926,0.389097125900563,0.41133930111343003,-4.5834770816949675,0.1250387575584586,257017,0,1,4
track_1067,118.6507116104256,0.36914822034112404,0.2315081329119363,0.4775305839441895,0.16610308439934626,0.06345957437372961,-26.944862422591385,0.568098122938815,275470,4,0,4
track_1068,148.353778707796,0.4175285148145447,0.5828807145051584,0.28728290920132526,0.5935276304891866,0.02,-3.2528341568003025,0.17488216486157732,240733,10,0,4
track_1069,102.67931460537437,0.8183729839674169,0.5750744749245237,0.1415905336172298,0.3191876618957904,0.31518340045785803,-20.508764600369734,0.3210123435807717,281333,6,1,4
track_1070,99.09342903888272,0.18139364444587905,0.7358489090407487,0.6341016760717163,0.20925771571686963,0.02355599201237453,-5.506838808529448,0.7603621729545259,236132,6,1,4
track_1071,71.5614911079622,0.5362271311844924,0.30915529749620885,0.46349550965756114,0.21659965468668146,0.060446056524724005,-16.95228184037618,0.3007641108526325,261502,0,1,3
track_1072,98.12122039343076,0.4203467954840814,0.6675912259767528,0.23896320276735436,0.5772794821226035,0.20612896127021035,-5.785649048854099,0.5436691552515676,399186,6,1,4
track_1073,57.21617220835417,0.2131148074661582,0.7336717165709673,0.43021921257239887,0.17216389430650447,0.2879553185041826,-28.15096267807511,0.47467060001151057,216659,0,1,4
track_1074,77.61366039843519,0.5256155830267536,0.27918824902509504,0.3203817879227784,0.6856151077693012,0.17416228747812942,-10.744981786707466,0.37087183453595646,216780,4,1,3
track_1075,111.80358138327406,0.3920140469947338,0.36632038508904347,0.16843997857855667,0.2331936288897537,0.038838630988746875,-8.10849245908076,0.5628925702526123,332914,3,0,4
track_1076,144.5703959322419,0.6273393241758164,0.6286329700386588,0.3651376041990182,0.028508089502292513,0.04302673571585135,-12.402167856452923,0.46696570641408625,258523,6,1,4
track_1077,189.2763258368851,0.5485056548785,0.41495844157111705,0.764205525872764,0.22524931309194882,0.04631771083036949,-10.685055345194813,0.37107857911097664,233513,11,1,3
track_1078,87.40244744787299,0.691364698439426,0.8993519828274746,0.31409851976417597,0.08014450176230149,0.3003505527879088,-7.945483392683401,0.7531420701592908,217863,10,0,4
track_1079,148.0590046993632,0.5141851536498839,0.34629014804690905,0.37738737646303944,0.2859454840784252,0.04205266841699778,-13.046503679096265,0.25855048063595487,350210,3,1,4
track_1080,112.31257441204944,0.7380363760323023,0.6533954579344748,0.10335696464601514,0.20182983265083992,0.16418166099512135,-16.90205522077813,0.7492044469868696,153480,10,0,4
track_1081,100.46257059760872,0.5083239433868427,0.17976122369339456,0.27125058501451693,0.14052527755357905,0.25031502878278683,-22.02816745890012,0.7231048043138611,133675,11,0,4
track_1082,117.97783355178457,0.4286378138705453,0.6198360535250497,0.5110583474660708,0.2742017139978057,0.20577417131239792,-8.55348091507029,0.758678770636251,228666,7,1,4
track_1083,106.85749451039878,0.6061197451908572,0.5086613343239065,0.13361874145632974,0.0796314372476921,0.05738252000370679,-7.566545537734809,0.6064292797259596,198482,10,1,5
track_1084,108.31187176836656,0.44943332008121395,0.6807755375832348,0.4961792275036428,0.1874397805507965,0.44297207441526154,-9.96546517330486,0.6883841279250619,356846,5,0,4
track_1085,92.75000511519993,0.39470216915540585,0.38719775759081676,0.059056247226707916,0.2845625612379795,0.15782420480189702,-9.50773524422417,0.3524173230413314,219036,9,0,4
track_1086,63.05671020603448,0.3682321315542505,0.8321131678436458,0.5078774809890777,0.6750002588641466,0.28927133381988457,-12.58572240990477,0.6046603031028926,394130,9,1,4
track_1087,58.691243924337556,0.7137632905429075,0.728760237368423,0.2028043523657234,0.7838343827131202,0.02,-16.78852998008356,0.9078574503295732,126783,8,1,4
track_1088,124.5973464984368,0.7225053248001545,0.18556491396548438,0.8899370071939599,0.01863482823290969,0.10619320614783771,-7.245451946783205,0.4790918836279185,233675,6,1,4
track_1089,96.6989972974286,0.34742024495734236,0.6795746964141546,0.13718349860613363,0.5441496914142369,0.02,-16.988624618051304,0.509028270913195,190425,5,0,4
track_1090,87.11733301031501,0.913181122634054,0.13231646215970774,0.1940999034908678,0.5248210916338637,0.15719790981697834,-13.359918486813859,0.19728721187516746,152888,1,1,4
track_1091,105.25516880169461,0.48751073771870546,0.20985543571654247,0.4965724814158911,0.22235885708498065,0.09865196656228202,-10.766449224009913,0.8618999560924835,323520,3,0,3
track_1092,128.84796758746882,0.8578293635619251,0.29179353359849414,0.5339046623315306,0.5162287440671965,0.08883015340077803,-5.748890886641046,0.6873381094863309,202780,7,1,4
track_1093,110.41091829079194,0.32494271717215184,0.3660374436818806,0.39517232886989295,0.010886812981858517,0.07449695755767641,-31.573456807885407,0.13022953118190644,171644,2,0,4
track_1094,85.31835190077098,0.5957990630863251,0.4951875244911605,0.0935118382137495,0.04553063537845826,0.3025400306676217,-8.811639462463003,0.16399726689776503,410598,0,0,4
track_1095,141.7887886694685,0.3113089667289667,0.38810023093977136,0.48004759649534257,0.10159580234773294,0.3201836932252995,-16.734844484347956,0.22843752457548866,344661,8,0,4
track_1096,152.37556508944897,0.7798915901700859,0.40804407898493456,0.1807731463490331,0.3440895040823796,0.042279178737673506,-11.019217007118819,0.8596922717280725,357383,3,1,4
track_1097,119.83669965968559,0.4111212417324383,0.7171044250776463,0.3611381355225269,0.09740122367225755,0.06783066156233762,-25.351419955515183,0.39707495241931273,414483,9,1,4
track_1098,134.2099053403227,0.45101392384961264,0.6159480190679869,0.5100819508610656,0.5269832048502756,0.02,-18.538297783424934,0.18829365181957333,392080,6,1,4
track_1099,142.25879990441433,0.3815545648792281,0.6989988613246371,0.3130882448714673,0.249075305281024,0.16942574314931874,-7.007502579327551,0.8734114136250399,271251,11,1,3
track_1100,138.90297949213542,0.4540431411837585,0.666549840287893,0.27075835092760164,0.31080884588003344,0.04702748535846958,-7.001498238646697,0.30678033662261683,305977,8,0,4
track_1101,123.42297531337871,0.7021683231366306,0.22215900813168488,0.4572679854704716,0.12881480463196546,0.18563241222444318,-15.198506310623674,0.8284550182173559,174312,4,1,4
track_1102,122.95041141224648,0.36639394596218533,0.41803131652122444,0.5028015720725563,0.11118105537907372,0.49779280751287114,-3.827145226446376,0.19506495185369407,394083,6,0,4
track_1103,120.58981720039507,0.5889856877609841,0.08039787292744849,0.8572089904457966,0.13399302670000782,0.26610767885414627,-14.068157303907814,0.6588019581879541,297511,2,0,4
track_1104,72.07986976358869,0.34902292832450693,0.07888532184148477,0.6774404252811267,0.3041157222696833,0.1987400656301359,-12.08003539999745,0.7206962428231554,314909,1,1,4
track_1105,126.02169470578758,0.2856352243776926,0.604251798030502,0.434392398144353,0.2072645725946752,0.05251373295854767,-19.028226706791507,0.9342757550108728,222242,6,1,4
track_1106,64.32558086620338,0.9254298315736808,0.4615484233462436,0.6449899437170803,0.3457811490366515,0.05828739830764754,-16.80495716148934,0.32672430558371646,263984,4,1,3
track_1107,81.16201634624835,0.32512069836724505,0.023342693017842427,0.3268614430361523,0.32558445815415865,0.44905239957825543,-11.564505083323816,0.33876446376761044,128602,4,1,5
track_1108,144.10695203424262,0.7282507569592248,0.2809780915299148,0.09651473555528155,0.04518375292795313,0.05394865498504166,-27.98462938715885,0.7352498391615265,280201,5,1,4
track_1109,130.20660488082592,0.29606426398356744,0.6162964337390561,0.7760614499511703,0.132689948581515,0.3930975835499722,-13.449844780452583,0.3493675357642433,271735,2,1,4
track_1110,149.6219486905759,0.35096857603785925,0.8012965280416093,0.28815630048854807,0.0018931437323082578,0.02,-11.401212360519352,0.6987011912717773,361551,11,1,4
track_1111,96.84976848938123,0.7751623760544852,0.80176416832844,0.5255633060518669,0.2060720026913147,0.07660849502661252,-14.017153520658002,0.5416145798401761,304219,6,0,4
track_1112,70.43253476169697,0.2560849340668794,0.594264785904017,0.2479465772258808,0.5469809281237411,0.040938621912754616,-5.403281360025485,0.6095833060882662,410658,11,1,4
track_1113,97.78688408788972,0.3988105876044247,0.5127647330786583,0.3586481935629132,0.29949616938632734,0.039730802328711935,-16.929650227037147,0.39784906467965053,148792,10,0,4
track_1114,108.06093891721723,0.4232456560377333,0.6655880332384554,0.34885442180699455,0.23282516305485623,0.18361393976209603,-15.465165143336566,0.5772135115619698,136380,7,0,4
track_1115,107.36966149020029,0.6250125304637204,0.0915711273823947,0.43537166512269937,0.09513293257417214,0.10320116967367386,-16.45175701909773,0.4104902527303096,237768,0,1,4
track_1116,139.01041436270106,0.28978507151403904,0.6156959618341223,0.6615517728957243,0.023695807590466966,0.08146014516992944,-15.851829252010392,0.9090012593628952,123866,2,0,4
track_1117,94.16188724989664,0.3272498294547631,0.3796608769971279,0.39151350242232624,0.6481098131406303,0.12270468139108515,-15.010022994340279,0.49374958711289785,289818,4,1,4
track_1118,115.56103415408772,0.6003000421649717,0.6629076386526163,0.15768562265268024,0.24768074683792318,0.46703424269206056,-17.397854736030684,0.40960577666767206,137256,1,1,4
track_1119,75.34118551696181,0.3188450644070882,0.7131118033011061,0.8765001647506449,0.21767920179596845,0.050468903708031,-7.2992945899482145,0.7033514503737286,219790,1,1,4
track_1120,118.50951834131439,0.7457145920701315,0.6907747452753165,0.6900945099996956,0.3520925130330355,0.19446084699100386,-5.671474646027104,0.44091944805997907,327516,2,0,4
track_1121,105.0932565055691,0.5563861357433313,0.8313461598529946,0.5836345195925223,0.40629760183475405,0.1253093006582697,-7.169414842020665,0.4070908174530517,342003,3,1,4
track_1122,82.50559985146448,0.03724651914833726,0.5684366796824162,0.7816419579609077,0.22003078885108457,0.3037390597658282,-9.764591865780755,0.3030461692075369,278566,6,1,4
track_1123,97.92511913475441,0.5407779136996149,0.15943431033306332,0.6110721266032554,0.02707008382972391,0.04976771262554831,-19.889118830324875,0.4092478744929082,125577,8,1,4
track_1124,99.47472760454335,0.501231831805881,0.6549731089587377,0.3106732095979484,0.2840675703935563,0.02,-14.511551618143049,0.8478918502088651,367515,0,0,4
track_1125,96.89534611988711,0.9122390785716054,0.47559234433512787,0.3072912963555694,0.1075094770991928,0.09735261517959046,-1.5312271838246776,0.4044127112225594,262521,4,1,4
track_1126,158.1402372680305,0.23890445591542644,0.7505053150505606,0.1922026287634651,0.45495923493539864,0.27529291088686747,-15.333880413633915,0.4770590882001663,244077,1,0,4
track_1127,102.04661993076361,0.3081629896725826,0.13784769587324655,0.31438780222628865,0.6180580962409636,0.08395021583052018,-11.690284500312998,0.047382739818058565,404437,2,0,3
track_1128,97.68311669467987,0.9636743926987535,0.1021927066410278,0.34248898019406704,0.29512012012317707,0.020419905709893365,-23.02333012504822,0.38337970643360303,212639,11,1,3
track_1129,42.07647127169575,0.46283372868137423,0.3221488109533766,0.2160758519071309,0.21205221786079748,0.02,-10.80207325167817,0.5633160291675815,370104,11,1,4
track_1130,78.17377944061568,0.7146084563395634,0.13499587692357423,0.8894642408671445,0.05322615239068738,0.037111489923616084,-18.095765396954576,0.5341064386377598,403936,11,0,4
track_1131,97.10779726630942,0.8731310598240088,0.772137685010893,0.3309937718119758,0.32417562727137494,0.02,-15.632582933088237,0.5123666705723944,370017,5,0,4
track_1132,84.42441971470072,0.2945303354132997,0.7768724423084352,0.3136783265791612,0.10981718739586446,0.02,-30.58319762961144,0.9617760215885153,371605,4,1,4
track_1133,146.4512278013339,0.5291065201550946,0.27410402651774496,0.40351266641533096,0.6867196398520722,0.02,-14.355444856816723,0.6631972647493539,158671,2,0,4
track_1134,100.05186673811345,0.6210349844868464,0.7548776893050398,0.20032156429356168,0.40723526955640443,0.15831013025824617,-8.653800160090135,0.40287149557514623,173131,10,1,4
track_1135,143.65332747954756,0.5309279880274916,0.15481239977253483,0.5240068714133695,0.10310584971111983,0.3736096496518488,-8.407575155349226,0.5802710240808091,158846,2,1,4
track_1136,106.85113902151105,0.726024016819665,0.7709908903913583,0.37427931352895033,0.4736121149038346,0.2178289566019409,-16.39630871149498,0.3609943021485184,413796,2,0,4
track_1137,106.11683509264729,0.5105102220063424,0.6135602610559161,0.24315899858065548,0.20004332191107732,0.06596916021636419,-9.41848330268357,0.828074674529803,335121,1,1,4
track_1138,102.33610656862497,0.7989335099644764,0.8221817231892087,0.4164506715082952,0.49671503800347827,0.20830282842425013,-8.262120759061395,0.19285636693583408,348331,4,1,3
track_1139,105.11388754864377,0.5956390841495866,0.48590319013448985,0.08986303994433299,0.006368539583459514,0.34350729349047654,-18.64615518863296,0.5709723987596199,346019,8,1,4
track_1140,156.5638500914958,0.4599550054108801,0.14164362033690223,0.5800807990607907,0.6887972036707114,0.4744931894952318,-8.222303102404862,0.3188835782498963,161341,6,0,4
track_1141,40.0,0.35230194392867,0.5907747015490146,0.7147177985549534,0.22481232631716502,0.03186988139340306,-16.027599337592562,0.2123888213270725,183407,9,0,4
track_1142,44.95362766683964,0.4501349937581097,0.3241826035829364,0.5553676701161768,0.03044081051327246,0.02,-21.97931100253451,0.4164851322579407,160133,11,1,4
track_1143,88.70487506831658,0.4856450955236139,0.41570589119832285,0.27442063686651513,0.53530704478758,0.03835740255044264,-18.216126359377316,0.5365388412338968,204999,8,0,4
track_1144,105.43583645812707,0.4538098890888576,0.6141596053321388,0.4103624025011981,0.36724447617176503,0.06654361862521635,-12.718325582909625,0.23995000870218355,411877,3,1,4
track_1145,125.70313274292037,0.6236566272991169,0.7904106351450114,0.3207346500413412,0.1186610587285994,0.17405444459916689,-23.07090142411584,0.6865879260619391,350506,9,1,4
track_1146,119.19261594082425,0.5245599543125393,0.23410461428011384,0.15923192899391156,0.06552931703300346,0.47016231360099003,-26.387563572720424,0.8227034914092515,140493,0,1,3
track_1147,93.4726226135829,0.5011729539837263,0.904168842264912,0.8038931157764676,0.11191964460032165,0.031897477813081415,-11.68594836015339,0.5187311108029524,233527,9,1,4
track_1148,135.57131079725286,0.3074785474787747,0.2406596081214542,0.7754943321094194,0.10826807464162781,0.2169751556371192,-11.927468529200405,0.831086978274636,283494,1,1,4
track_1149,135.90586209458192,0.54367575895726,0.6289005146849385,0.6174919006359494,0.035613431320897546,0.02305760273416376,-15.675411120927098,0.10353987059992305,328724,4,1,4
track_1150,110.52173493814696,0.8026954630392623,0.5639787999374253,0.4593608022902928,0.08090860028629471,0.02,-13.496901533869012,0.28614677251333526,192404,0,1,3
track_1151,133.87972717460525,0.5656792353599417,0.047871220116409874,0.6439630750853527,0.003915199342490031,0.14031749769209834,-10.112803718707422,0.9468808599737883,257266,4,0,3
track_1152,113.17935790296386,0.7031260859441829,0.8700587399110574,0.14188677717119857,0.19597581819175303,0.3642370027133431,-24.316159762417374,0.5085546673600426,272882,3,0,4
track_1153,88.15550919651349,0.4774920350494508,0.7855446538667628,0.37541686941960234,0.3665959905081447,0.02,-30.1789880545399,0.46171312040723594,398456,4,0,4
track_1154,125.93450517000014,0.6754178127192704,0.4348781300489414,0.31937665622234646,0.14374225033952337,0.3732316821724055,-9.188702904153253,0.21531681098487385,276011,5,1,4
track_1155,108.31839367736033,0.3457465541547495,0.646687947319207,0.6555932615535318,0.17013667673725547,0.15293112665156933,-11.82670973113032,0.830665612443001,347332,1,1,4
track_1156,105.04019540263461,0.47763073591405714,0.8238191409791337,0.3887051067647316,0.08840173615854481,0.3065048300730842,-10.90420467264821,0.4292403946966932,282094,0,0,4
track_1157,149.18860716568724,0.03200706943018722,0.2626522907267363,0.21442666270962515,0.3398163966654524,0.18909836459196397,-19.07807412939825,0.7441098038132089,312904,10,0,3
track_1158,40.0,0.2728979966018375,0.1026548959329513,0.3189830325685693,0.24642324815947078,0.1727013242784028,-12.937719350135582,0.40143271006708087,192071,1,0,4
track_1159,62.46947489521291,0.7270008755711809,0.8514772413633804,0.7360041541748206,0.2218766522233149,0.09396563203627836,-7.722647831923451,0.625963251124562,125312,11,1,3
track_1160,69.38788720876889,0.9255420151097283,0.638046913369926,0.19158494912999294,0.047127815950108266,0.2280793551391188,-12.857258620351331,0.39054814613279626,257951,4,1,4
track_1161,94.10218057293584,0.5217194785078993,0.4076249620960982,0.14637619588308157,0.01295299690372047,0.05920322413657975,-17.20878992534127,0.44662105313386724,398468,11,0,4
track_1162,97.36175490701909,0.4088356432607844,0.41843227624479495,0.08721232529153476,0.15241517979221625,0.20598089688849727,-12.76453169037048,0.557482783555475,310975,10,1,4
track_1163,59.78023056680858,0.5429136945181078,0.4931059464343464,0.7217851739589339,0.4353369480321775,0.07496274042384077,-6.045927018963409,0.9075745812803555,290325,7,1,4
track_1164,75.4452590306752,0.444951291253082,0.6281146208380491,0.11403876204651212,0.056410481492489846,0.12675987441164147,-13.137030325402373,0.754113927200852,147384,7,1,4
track_1165,79.17474964429289,0.5266709016447594,0.5511146549663478,0.4468425315183446,0.6228599055088393,0.09507064966767165,-20.88051090068825,0.6526880130087052,166888,11,1,4
track_1166,178.72272276227676,0.6821432749015477,0.09305630369475111,0.5355570228676169,0.6716113899607763,0.020010911967790094,-3.7873762731860445,0.7950175106662908,263215,5,0,4
track_1167,159.0522584324144,0.6593741356273584,0.2835843612748071,0.3097705938067622,0.3985029464255515,0.2192566677153062,-15.92776692489438,0.262096572027211,302282,2,0,3
track_1168,92.64751746946052,0.680379620093962,0.5682876660575988,0.2480290250946642,0.007218189986598244,0.10040736237138856,-18.269577465758523,0.2717190430738284,225315,1,0,4
track_1169,94.09250129079604,0.9157257887497116,0.47486380067133827,0.18846932423158905,0.15905285692931173,0.02,-17.834453581966418,0.6144458713512252,341257,8,0,4
track_1170,70.52388008435118,0.35705128650382756,0.3333731917589955,0.41614609087607163,0.24720084274957874,0.26155106609586304,-11.10775287709449,0.7273188010191268,122258,7,0,4
track_1171,47.756087603241994,0.508647401379735,0.38430450303906843,0.3619502615203913,0.10763953578704472,0.0837342610453112,-17.748372606120174,0.761302157001282,403853,6,0,4
track_1172,101.49359440774428,0.2600246369601485,0.06376117728835776,0.47115319336501027,0.11172953121292892,0.14703465268474977,-23.948005484969507,0.8596560475629953,173985,7,0,4
track_1173,75.06444050267923,0.4760258083900591,0.6431516418310215,0.37049557274949796,0.33110653353129876,0.059848062522308725,-11.413847286581777,0.6066051784700166,213356,4,0,4
track_1174,102.45448405013971,0.3854138162256078,0.2407385251049325,0.01662773500647544,0.13508648595459474,0.28490539358917044,-12.82916099083332,0.2832039935795428,203326,5,0,4
track_1175,56.993824528695676,0.26433641951958475,0.3862536628261465,0.4315679250198065,0.1272061746326158,0.19329021195904664,-13.533555592302875,0.39621458098298473,225348,6,0,4
track_1176,82.14076625069227,0.6296631477797423,0.3718458946139686,0.7103574731153277,0.0011762928792430696,0.0557841901323448,-20.281636474066186,0.5259048799640211,365575,1,1,4
track_1177,109.45881285908493,0.49487966972141156,0.35816982925526764,0.07960531143693453,0.08032130875636787,0.21637437125150813,-16.579684651651455,0.23930652787216244,343474,6,1,4
track_1178,115.98628793351813,0.99,0.867799041819414,0.4828080631891217,0.0228699616677722,0.5539980653601914,-11.442660819515886,0.11627790265183877,194449,0,0,3
track_1179,117.52415876226044,0.8682986341407607,0.7531194199706929,0.17330641885151687,0.11109508740755948,0.39337182286866973,-13.49393409524252,0.4284935456484702,401889,10,0,4
track_1180,65.38533047528888,0.23264132863967796,0.7531853920991415,0.49852432082460146,0.08479002666680442,0.19382305660596882,-12.203978597278844,0.31109703858438725,185141,6,1,4
track_1181,130.64057190406686,0.6036404274751607,0.6633007921681622,0.11481062653228145,0.30225981588282447,0.05961373197917685,-4.94527298708941,0.6412207814780185,412848,7,0,4
track_1182,80.9936491019445,0.43404236610872765,0.24109530588965672,0.1186331217564814,0.37139899284793043,0.11914286160586562,-12.5314782829931,0.28346785867754815,210939,2,1,3
track_1183,123.98573743821919,0.14798674892255334,0.19475306590783506,0.6538090557373244,0.41626502381181785,0.2158830680751872,-11.133637022824603,0.7098965374555651,284393,9,0,4
track_1184,104.6808397014542,0.33791748612470535,0.7061637442773748,0.7747108625980219,0.04515323448461572,0.09940199129030765,-19.685939093668402,0.7518241817254054,318437,10,0,4
track_1185,63.70837502766156,0.43365615122030166,0.4441652619380637,0.3235235810857373,0.23816337527364392,0.02,-20.926730720752808,0.6718983550596554,206227,8,1,4
track_1186,95.51406886256436,0.9151397763796637,0.3488646954984035,0.6998079435742091,0.8347416543046794,0.1538436141106402,-10.037252093821737,0.5071734099169742,244323,7,0,4
track_1187,115.96091226191302,0.4569497603781671,0.5726019064378891,0.3735604202745789,0.3771023867364279,0.14086058285401964,-16.92730497211058,0.5949357120561831,176985,7,0,4
track_1188,123.38896141423797,0.5277288012001721,0.17607040803907834,0.7245582828240379,0.1048442093458409,0.4561661162893724,-24.60173901656024,0.6546145901030037,335231,3,1,3
track_1189,100.77036307666744,0.113614303056108,0.3874276215956627,0.5019329665249159,0.6257859105167164,0.02,-11.153613856925858,0.9515334959900822,122184,1,0,4
track_1190,150.9533667180316,0.4530638052371612,0.1817302212840402,0.30280983090680685,0.3827075480196237,0.03194470053635936,-7.866201143779536,0.7855207990237929,348496,2,1,4
track_1191,135.22532312959677,0.4419008147765294,0.6066344740074947,0.08237567618354591,0.726888602835512,0.26930815186803875,-20.42910459055404,0.45776761893284146,380423,0,1,4
track_1192,97.30037650800742,0.7239357171404396,0.3780936193088225,0.303166181551386,0.038086078272855796,0.07422418019327233,-24.400616478881915,0.6083593837548612,164857,5,1,4
track_1193,127.50365436410834,0.21082230042765374,0.3021353460233348,0.21730223732807374,0.5219154253518149,0.025479228009567277,-5.478014648513273,0.9307546474824413,408870,9,0,4
track_1194,163.0138045556456,0.554285337379749,0.5461401101016053,0.7464222761891026,0.2847968786691786,0.24150858087285856,-6.242624697891605,0.18641919191438636,154662,11,1,4
track_1195,163.8145380234908,0.6778642051046262,0.590296584079694,0.5935022232291447,0.037779271250317714,0.04058671928640352,-7.924823321381346,0.6673988808043324,347627,2,1,4
track_1196,68.16000357532508,0.2619988736446058,0.09210190376727781,0.5018755968671057,0.01857901945246485,0.021926542974958017,-19.009924598967316,0.8264017624343099,278016,5,1,4
track_1197,77.20400666528548,0.6471225908083726,0.48303910745710255,0.5019275789594858,0.6422520671155457,0.03365422244887914,-15.79358006444598,0.9006112842971142,354081,6,0,4
track_1198,149.54756360201554,0.46560915303997885,0.5457431238847823,0.7679205802684351,0.015466632615949225,0.22246013994631725,-11.616075056707558,0.4141836204472892,395360,9,1,5
track_1199,73.25156847487088,0.46599122928757514,0.8127508368887019,0.21285702261453365,0.11790502374557939,0.13596630207222699,-8.673607427589324,0.8542151303082247,308403,2,1,4
track_1200,65.32376600124962,0.3401861887017795,0.4655940758992653,0.29786157592077334,0.0795932744198393,0.2385729741889919,-14.804594297008645,0.7530238659849697,202958,2,0,4
track_1201,90.41417607902859,0.3508789733919795,0.5922927976641889,0.2904198844675262,0.30327357500857166,0.15211075078906622,0.0,0.2579496516331468,386115,3,0,4
track_1202,117.60680128423758,0.8973639606905077,0.3292899270064154,0.12976565828415582,0.31123370033767933,0.47963047572260226,-10.39318977489,0.3918955722244626,336002,2,1,4
track_1203,101.9280988016671,0.5706867100892539,0.04598348423196246,0.22585362272324044,0.052836819431054366,0.08037426605339312,-13.227041921725197,0.33716333923605174,222245,0,1,4
track_1204,85.48309138783223,0.877736703463354,0.14986614080778632,0.349791396511229,0.16655894274223282,0.4925141260233948,-14.91828748403089,0.8282749643116142,378032,0,1,4
track_1205,84.77362614826473,0.6405974445078612,0.7939632641401154,0.2811446651944056,0.1264618425904651,0.12362064628328655,-12.608654617947044,0.4816642339279162,274171,5,0,4
track_1206,83.62988806761874,0.6034173661727966,0.6048304528361675,0.012597405019614852,0.07764402717380328,0.07344879521286884,-11.677167618006578,0.5924202168875834,215435,0,0,3
track_1207,78.61471114023172,0.692143345573838,0.18191412508181798,0.4974720344935496,0.26620505234254366,0.289391319786698,-20.729566164078456,0.9020914504528227,157000,7,0,4
track_1208,173.44898631828187,0.7979514414622437,0.5836112814765482,0.28198696257782063,0.08962755985944924,0.041300900893416266,-21.190217900502702,0.047888594749434764,392352,8,0,4
track_1209,113.92533213556665,0.8306544682017346,0.34503256879562305,0.5126687953872644,0.5027233637281944,0.02,-18.45119913456471,0.6823463891701297,346440,10,1,4
track_1210,131.60277163214215,0.5380867896695161,0.025505792306680184,0.4170396803489937,0.1813072479516827,0.3652244673819659,-15.918791337511404,0.15063983792271712,324006,1,1,4
track_1211,90.32767595643229,0.7792700453174323,0.37811605473125953,0.029131726097944018,0.2408310970124899,0.02,-13.000213770908132,0.5770737165069532,387217,11,1,5
track_1212,99.42129968441853,0.3437628290845521,0.6266036973127326,0.6002209160466788,0.19334978910400782,0.22378264006506124,-16.67086435833325,0.27996831181560955,250518,9,1,4
track_1213,83.59338055888935,0.20586098093874897,0.5878270770653133,0.4225502812438788,0.16791748528110845,0.07106860596326074,-14.14778110738009,0.8482676935135152,143000,7,0,4
track_1214,40.0,0.751283686261879,0.8305954007247028,0.2887389826771885,0.15835347271836508,0.44661326460742073,-22.54055501650797,0.1484747665453592,315648,2,0,3
track_1215,63.65972169456401,0.376980100679276,0.3773945156656411,0.4085354679076255,0.40515767779481754,0.20211819786501706,-6.740067153095449,0.5351774497544406,192975,4,0,4
track_1216,50.681439600588156,0.8784603578608259,0.49939192786202447,0.32886924304377546,0.031060605433927878,0.05212022207318533,-22.29076425984167,0.5413130021583121,262475,9,1,4
track_1217,40.0,0.16667433281756844,0.42969780974891164,0.5077201310575449,0.16765294426814994,0.15265015846455499,-12.157405048932436,0.4516401042396481,341867,6,0,4
track_1218,69.13923077105692,0.19113461628066297,0.3343670061477476,0.18279068014038574,0.41507234995414577,0.09920053453371075,-20.12584844465806,0.41612259126329715,204318,9,1,4
track_1219,144.74867038144893,0.4284284076994067,0.21474175310054724,0.495599491906592,0.04397661060269738,0.08480615117659569,-11.603292493750576,0.3833110647850796,166146,8,0,4
track_1220,103.66691496886936,0.2126489717579726,0.45535281897157276,0.5870805377477971,0.1708089801008732,0.07303508529753122,-4.646831354475555,0.6287314788264723,140534,0,0,4
track_1221,143.71691286963522,0.5529073635554963,0.5023504214766409,0.5876157133605676,0.10097109300084742,0.1328215180261075,-9.095406075465709,0.49328263139917095,216902,2,0,4
track_1222,117.32947730702625,0.36138547544127336,0.791649704431801,0.5142747791493649,0.35660999030089546,0.36180804231999164,-19.324558417811232,0.6137419442485709,332978,10,1,4
track_1223,128.47676477145478,0.18738204421772026,0.6642227053256534,0.14748554469473768,0.0040136833350436045,0.15121419077866838,-12.594834935809255,0.7121069172208467,130690,7,1,4
track_1224,77.97309014086275,0.039492042472512826,0.8656728017903038,0.797937088632931,0.0753950763795772,0.15709852313062309,-16.166554877666737,0.7118602103626532,400067,6,0,4
track_1225,120.71852862578012,0.3337179339040692,0.540100180082372,0.03615105908020739,0.5005486433847922,0.18018766464413233,-21.902194627315474,0.6103142730015501,233213,6,0,4
track_1226,126.86142702223037,0.014324169922494861,0.7910598544791194,0.25366094090884317,0.37405742419659277,0.06076192114920104,-8.045062548170478,0.393584805810027,193228,6,0,4
track_1227,87.70058123298921,0.3357013014228387,0.3864332516204598,0.22540344143409424,0.025240529563229388,0.20374766950661052,-0.015540994072207326,0.8943547021876038,409303,5,1,4
track_1228,121.786211118485,0.6309421592853437,0.40058107408801563,0.6284608926198877,0.2847212352975414,0.24828228272950584,-6.2360476322778915,0.7943698599857645,178612,11,0,4
track_1229,121.98563275724499,0.6582351630983251,0.8425234212235454,0.4619537393258902,0.16140148837698942,0.10462641139897619,-21.30202312002332,0.28557527711224756,247830,8,0,4
track_1230,88.51342136609752,0.7267272787429694,0.4872146303845496,0.4479849543197013,0.22898920347672053,0.07692561379006169,-1.5440061865107069,0.7019252047515546,410707,6,1,4
track_1231,71.31694703187014,0.4962880267454441,0.21501203994985402,0.1067769173075403,0.22078626479031543,0.08264616464640807,-17.71246862092064,0.5897320574291941,242015,11,0,4
track_1232,69.47615004305183,0.7664494177675736,0.8960833727285084,0.33764497942793226,0.030698160467251604,0.20899123183173846,-16.46353518244412,0.416863412866509,280833,1,0,4
track_1233,107.59516625764385,0.1786656003777624,0.5650860110597539,0.19229338630936038,0.030267612727537866,0.13684548967609053,-18.465098933374396,0.6051792286328816,412302,8,0,4
track_1234,114.81029606367944,0.5114681988915245,0.44356889766454083,0.1481780716088203,0.2642812054241409,0.04544870228410676,-13.042602262712528,0.6873332093252562,133752,2,1,4
track_1235,81.22422508626256,0.6797333477763653,0.14747727131709568,0.1501476946912468,0.05289522556234956,0.061974013218907935,-26.30864448760989,0.3632751787120457,305160,0,0,3
track_1236,105.79756023978295,0.3821183627836524,0.5800406436338755,0.2963938219474411,0.6198776137835518,0.11232412031306607,-19.84366655643728,0.8202825656217155,290124,10,1,4
track_1237,122.11611108415457,0.6527948788848303,0.846627357208018,0.1033067360504155,0.5004914251893567,0.32547149410385756,-6.975479256820005,0.4440706500224893,147632,9,1,4
track_1238,123.54572143995902,0.627768247628747,0.7143374416123746,0.31095783893357554,0.2489306447748025,0.0297537087833019,0.0,0.041415842261372154,137838,5,0,4
track_1239,151.55640360367465,0.4056918432976765,0.5279351635671412,0.16433732312546645,0.2573062193503675,0.04785332955776201,-27.293646916767766,0.7910063364841701,404389,1,0,4
track_1240,143.3094249659413,0.08905154744938056,0.4571323907393582,0.35924137546883866,0.038615618572127905,0.02,-7.667802810550704,0.8338941915738931,416259,3,0,3
track_1241,74.96125701730368,0.7316149506275788,0.7004314817028602,0.36754160899976734,0.6338992459966722,0.13479211503853653,-21.245783969851665,0.8020617606024826,321320,4,1,4
track_1242,155.50758628614068,0.7717110522797205,0.3778614499883494,0.3850145180138754,0.2736158663935007,0.10689538931205526,-16.7670605898022,0.3078318466122057,127786,10,0,4
track_1243,89.07070486332856,0.45297241458353477,0.5434234640744464,0.20147002550414142,0.046129756956929044,0.13864646666982866,-21.591941573342027,0.5020576714446962,323707,11,0,4
track_1244,136.34618437363284,0.7452694061946696,0.6264380488622187,0.6987148520792248,0.23136221535673787,0.07217115824470634,-7.989543742311204,0.28547030521217814,320561,10,1,4
track_1245,107.03959878153266,0.2995247202396528,0.6014809141738141,0.13606263754174086,0.06738227906720387,0.31677475105715314,-10.560200365078517,0.8349911365416103,337398,0,1,4
track_1246,92.63551864629098,0.7393681513387158,0.7410721169543396,0.7154071953159732,0.47438271644006424,0.3776460771784897,-13.274491801797321,0.5517390051038782,231301,1,0,3
track_1247,50.769094206752015,0.48002390177421517,0.16132521850006212,0.1327897887295263,0.07122944344278503,0.07869507738877846,-9.341001562559846,0.5488952419793635,207192,6,0,4
track_1248,99.85306469350955,0.6162057845050891,0.08706846847524422,0.33414393759221483,0.17198717005063005,0.03941735595807901,-10.243595038546463,0.3378464043394685,387778,6,0,4
track_1249,58.21850294083173,0.26674750345481846,0.8368620638918819,0.418702891723101,0.04316907736252873,0.2073676690892344,-20.79481015154618,0.7877658861955013,415004,3,0,4
track_1250,134.01897707528317,0.3612027849855242,0.865351195065879,0.18764856265788488,0.8176155102202576,0.32193976108411243,-12.009983457196395,0.792772519576877,161876,5,1,4
track_1251,150.50377971417743,0.1440188322158918,0.5582749850270673,0.11023014498822158,0.40204513195824854,0.05673122106680848,-17.800893295443213,0.8713569918583364,356720,11,1,3
track_1252,81.09267032109929,0.49493199118100567,0.46276062560691605,0.45180277426533005,0.2794916179042004,0.02,-18.55104138207153,0.5652066848894759,273084,7,1,4
track_1253,114.05912227557813,0.9422750567290007,0.6011340545274652,0.6400078406704308,0.4616675530846831,0.3640357212915186,-10.941515189279563,0.5101899138142867,166332,3,1,4
track_1254,83.23825433976074,0.14007938195518532,0.5696527445475946,0.3834219263397252,0.21532228734711104,0.11649027549073429,-6.006104386157425,0.15134641461236747,411863,2,0,4
track_1255,86.14545809589632,0.0903148400179647,0.6991752079075566,0.435212255362627,0.37665495550244765,0.23531192480000368,-14.446488122718664,0.2734075700561382,272891,9,1,4
track_1256,128.23484111596113,0.8708940980780903,0.356201347880438,0.3554445311770664,0.6030807090132705,0.5661654836839582,-4.073465624765651,0.2642928950088528,179514,11,1,4
track_1257,103.84385214469762,0.7098079061019085,0.4539000360706486,0.29558413941795925,0.11227071714168492,0.15498164892239244,-15.953806878076408,0.09585181581263989,136204,6,1,4
track_1258,157.18944125793035,0.43168655175261456,0.4133899515003619,0.6717294930509015,0.07469365748222452,0.38492827745890734,-24.14365481289489,0.6188474701853982,126977,7,1,4
track_1259,90.53302563891236,0.14675892460134587,0.5248667458693023,0.6476942824582651,0.19349817201601213,0.13934942476676282,-22.079208700340462,0.29515315844335577,122351,7,1,4
track_1260,134.9800899742347,0.3286846931545163,0.10644468009994561,0.4669440606241873,0.5352902211197109,0.3541217068861324,-23.45873675536155,0.4981279227208118,167776,9,0,3
track_1261,107.92240238873346,0.3827310267080217,0.46139713793166287,0.5297747871888052,0.07172843176814724,0.17602107395005764,-11.53214360859365,0.2653859595368103,322033,4,0,4
track_1262,128.873340292327,0.5454522407575617,0.8728629691744738,0.5129790433977246,0.37245033032508723,0.062092741956355536,-2.415884599454987,0.7379422485786375,275345,3,1,4
track_1263,91.5852702801016,0.6978864262126806,0.517490848076647,0.42158320489746104,0.18876153007456675,0.08010145191735572,-6.968989543712463,0.5996753216316189,213211,1,1,4
track_1264,103.51323487345252,0.3220705682767412,0.8062200863180412,0.7161041896128199,0.3764794198604418,0.23214827589004186,-8.512213254755654,0.5548285950503933,190099,6,0,4
track_1265,101.53503362103196,0.8043540034725732,0.4565517550919913,0.3667003512983768,0.29724540810369265,0.18086224764631054,-4.145853905300198,0.6077172829029567,227968,7,1,4
track_1266,79.91828655462638,0.49791066137828544,0.18957305876726888,0.5312105819640788,0.39572462287134996,0.0801658869161404,-9.883117178001509,0.4174981613070588,178200,6,0,4
track_1267,124.86244603745259,0.32956852258368985,0.5105166405791901,0.4606496457247087,0.287551118774762,0.3547946923623128,-7.113422992034911,0.4830395511253014,350954,1,1,3
track_1268,124.50747016735093,0.29696929771553365,0.08424667861344742,0.3878105916642336,0.0021732350026415536,0.02,-13.348842246656996,0.45315420419676705,219364,5,0,4
track_1269,122.806640847167,0.14651217477304004,0.17622908665166184,0.18247560141193161,0.15501748036611698,0.2724679664164337,-19.27287374340354,0.4915538384818997,241136,8,1,4
track_1270,151.10896961752934,0.7270141213235125,0.5664434300729588,0.40826111282054356,0.1446379604932318,0.20141193143865999,-21.42927118765624,0.6057575410879277,361529,9,0,4
track_1271,148.4803440370891,0.20240782509541363,0.44633713937149655,0.5468829758808039,0.41667768062425115,0.02,-16.335108044895918,0.5817621149027331,333450,3,0,4
track_1272,93.75165930452594,0.4409506228944935,0.27951624923960444,0.4389240067842602,0.05373928012748832,0.08842931142768815,-24.416463486737108,0.47194499966860864,136927,4,0,4
track_1273,116.19156955302535,0.7205894340513991,0.25674321267435685,0.39254056780184526,0.4688067980205424,0.2054244844635244,-16.083209176191808,0.4885488539960267,336137,1,1,4
track_1274,86.29197932225362,0.11397712123477248,0.5237939878860645,0.3275506589099665,0.16473299377676695,0.16317308348026718,-15.93617666686344,0.255928433665477,374559,1,0,3
track_1275,105.70065948343667,0.4081920616830644,0.8102352375926618,0.4262934681983231,0.1957159764946539,0.1985258534142284,-8.682751883816877,0.7930577052167178,333442,2,0,4
track_1276,87.00751652643406,0.4581645300651499,0.4554758997804364,0.4348714841311733,0.24151933437628423,0.08088872421381103,-14.884704990603813,0.3599589973016041,354368,11,0,4
track_1277,153.60210927408153,0.39848496446456105,0.9218291205369701,0.06635912205044005,0.5182683114858866,0.358801203798928,-6.350102594650359,0.7405332250909492,241890,3,0,4
track_1278,115.91094451028889,0.7642876149070582,0.9036989568797054,0.5959602579859362,0.6716861826486241,0.02,-16.720262821119725,0.4838686478408594,348984,8,1,3
track_1279,98.45912615686734,0.33456367005563953,0.5310101756613548,0.09155790297710276,0.40163909864077446,0.02,-20.026116568476084,0.7597685618026766,263317,0,1,4
track_1280,140.80855715569132,0.44220831759936324,0.3054997497890665,0.23154558340193074,0.057866182686716144,0.6933865147981134,-3.1641855706119113,0.3084899425631265,413584,3,0,4
track_1281,40.0,0.843364147250319,0.39068691833044283,0.27574248642269267,0.2284544937583065,0.02,-6.983203478122449,0.5712935086331375,245729,6,0,4
track_1282,44.576922154041306,0.7359937122299226,0.4462837719346534,0.27136039031950426,0.14053795062809787,0.02,-13.134301820453928,0.07061476826690337,381228,0,0,4
track_1283,128.8751596565932,0.41891676684160595,0.1643161028935425,0.21546569906590482,0.05730609741975029,0.4588919237809942,-17.52426855581428,0.7474536963470974,207610,11,0,4
track_1284,106.81405344352105,0.6703558299128356,0.6539935954295851,0.15261400792175425,0.18919867391852285,0.6041958886076823,-0.24424701442957364,0.5736587334394635,407027,1,0,4
track_1285,112.51338900782282,0.1691080957404937,0.2779163324285323,0.376044581173748,0.38978663837740885,0.3413646186690753,-13.742654018192058,0.7503732648206017,123643,8,1,4
track_1286,65.20811690044354,0.486593729843199,0.7017644128038372,0.8072141303854242,0.3518172761860949,0.2401281525238822,-8.673619989554828,0.5903458541638198,124045,11,0,4
track_1287,104.30298867448901,0.5731366950635836,0.8431379827382972,0.3616351980269042,0.07237913512868091,0.161679609756055,-4.9004677257118505,0.34516952424908093,148694,9,0,4
track_1288,165.10528231204026,0.9744109861133416,0.4467073800333023,0.5276118317979207,0.5278169481828846,0.05283127036184642,-11.245167879551854,0.34706533796749767,403920,8,1,4
track_1289,129.72598859387588,0.14730323904630457,0.16554337924019757,0.12824800353805024,0.3058620748733003,0.05566231885202751,-20.873052358135443,0.41372890998239625,137051,3,1,4
track_1290,110.09119635428436,0.8199282631496174,0.6794290078761185,0.5495113407188899,0.27128229310997626,0.10798480544896637,-15.022087172987089,0.6831441710475058,373334,11,1,4
track_1291,91.82838269685188,0.6607634501921208,0.7388649380702118,0.11401355916995323,0.2595186989873375,0.036036188405174086,-16.97931406715048,0.28984130262660407,208948,4,0,4
track_1292,93.16281444391818,0.11385676184399439,0.3395167119549456,0.4366687814238698,0.28667006290006564,0.10256593919508451,-14.074509962621296,0.8605597588892978,235724,4,0,4
track_1293,41.12406332399947,0.5113324701351961,0.6943785569767235,0.5261536272992664,0.10368912307648215,0.19750457978222405,-11.967730057362786,0.8748910426962332,281845,0,1,4
track_1294,112.72921262763482,0.8175248360517443,0.743579089293824,0.20433191971326364,0.2296587066728114,0.7304080984908111,-16.27808556018213,0.4882357024881433,301188,3,1,5
track_1295,130.36449325445562,0.5339954642821513,0.15303690439352455,0.31945879203933103,0.03191383384469407,0.6259469316588505,-16.12211376335322,0.36546896530436745,313150,2,0,4
track_1296,57.73142018488154,0.8030122931843415,0.14783246961780808,0.2755149126582149,0.5329127255797226,0.38532490992268764,-13.024831340545381,0.406025812087603,123150,2,0,4
track_1297,85.15749323079552,0.5705229607094919,0.38567285666909246,0.4659211812228599,0.39724940190386226,0.06457938376487522,-23.00034516651951,0.3983316993218696,187952,9,1,4
track_1298,70.27606103299733,0.4697984226885587,0.36966368694960605,0.3164194900108524,0.3402536171542088,0.11025239605212728,-15.950163955737471,0.4351370646655186,355550,11,0,4
track_1299,76.0394641557371,0.0610951633680806,0.6802191970506157,0.17400804693886326,0.33060601172189025,0.1020893944325382,-12.278657071399394,0.8133712022420744,213200,10,0,4
track_1300,106.60444880465701,0.6835184410307321,0.6220462233189988,0.050294516038410175,0.4137750162579585,0.28592211055499506,-12.880558530223944,0.5884969253059745,295838,6,0,4
track_1301,42.46793535034577,0.6020089616072567,0.3106920950489437,0.13182354712499336,0.15948521739403687,0.10720554847060575,-18.503569700215643,0.2631942582453586,403559,9,0,4
track_1302,123.42811315071192,0.8692076998554443,0.4313809083164776,0.3185549967409604,0.5159568913188166,0.17860234191015625,-17.00663664648645,0.21411409157155778,245695,4,0,4
track_1303,127.61565209801047,0.8570349905172154,0.5857075490881851,0.5187089972638863,0.6830516848472448,0.17609458639851785,-23.02720562575086,0.1729904988119164,259026,8,1,4
track_1304,97.46692235889263,0.3681868319211599,0.5370091263203011,0.36200944384716804,0.1487474921583234,0.34806218867086597,-18.659157497374377,0.36896934671802767,158621,8,1,4
track_1305,40.0,0.6920268553620188,0.27116811022528226,0.42989074533585997,0.5289628556525232,0.5037027832896894,-25.21942858803297,0.5021541419912612,252909,11,0,4
track_1306,75.10744121992832,0.4647132054051115,0.281233819954438,0.04882552963360446,0.1605473120470026,0.0733397766663977,-15.4529911307807,0.9256652398938586,234242,9,1,4
track_1307,141.9870580230809,0.390722422777931,0.3279331080461192,0.47847270670919717,0.04474578142285589,0.34393120416717404,-11.260869463441107,0.6537067609794975,325762,4,0,4
track_1308,40.0,0.5541182207398703,0.20710032275588097,0.05979600677829631,0.06910792164379277,0.33539873535251724,-18.39470637486793,0.2150730955754546,209021,10,0,5
track_1309,94.57429763419442,0.5019746367472459,0.6569563366232223,0.29366864396860703,0.03952907913770317,0.02369689469149114,-27.596019086548623,0.473714888757126,347629,1,0,4
track_1310,69.59997664598222,0.341669177622344,0.01302054472375741,0.3185988997004846,0.239817453132418,0.3431306009245789,-8.836055884992213,0.7487948554439601,376466,3,0,4
track_1311,129.1371090475451,0.6351407182478767,0.6163729237622352,0.5112626772157306,0.027865732987628712,0.02,-12.742763923862057,0.1705780267564146,218244,8,0,4
track_1312,84.74658143569616,0.595570667269774,0.5732099813500492,0.6345697739926353,0.24513330041390738,0.0696834926459505,-19.24682110243397,0.5250138018272928,160200,4,1,4
track_1313,117.11862062206835,0.8540186587352104,0.6951501909551054,0.47838378067415205,0.22207745158536135,0.031121528064195728,-19.516039202420817,0.5297618736588134,250042,5,0,4
track_1314,121.9638125750728,0.5371652532416493,0.8247536064143058,0.28200448896719565,0.25058617900493757,0.023784646071596752,-8.623124187105061,0.5540040482905966,156602,11,1,4
track_1315,160.08677519190059,0.2257119423327122,0.8153842196305413,0.8708620105407491,0.07421044506576571,0.027461073732653496,-11.387138400086123,0.1707009863938885,203267,0,0,4
track_1316,98.91174168973889,0.666647303285735,0.8135725240845039,0.584231320053548,0.47759795347250245,0.14512197388238982,-9.77848468192651,0.5719095046102101,389619,10,1,4
track_1317,116.28133108867834,0.5895100261682448,0.7461904506945031,0.1536101485435386,0.6589489173766212,0.06050407600516298,-23.090273338212047,0.47633825951268643,310179,5,1,4
track_1318,60.44833562617692,0.35182992887799563,0.5829904108077661,0.1116140404199765,0.09306846792023313,0.021836992472302297,-10.740353414033741,0.8266784870042535,298675,0,0,5
track_1319,140.71240689881233,0.4673740796309433,0.7025404433613162,0.34750011247227175,0.29520334790760727,0.029064658435969244,-20.312911996251692,0.2789542662355568,406423,0,1,4
track_1320,82.18473455785906,0.22552051312059163,0.15042457787728925,0.6367807266000324,0.027305791105965253,0.1601232362102471,-22.505408568167706,0.7307787713023128,326098,1,1,4
track_1321,88.17737507736763,0.42285342184129304,0.36856756159283666,0.18802765813710992,0.00875018098048451,0.44038977208294516,-14.189397842005336,0.8353308862610915,181393,5,0,4
track_1322,104.33256615452368,0.36794181176275004,0.513382304510604,0.3915097911406649,0.29894012516608587,0.12628754210552695,-11.105987831986432,0.17054049606797714,393027,9,1,4
track_1323,58.113469639804514,0.39182902996438784,0.6992688024653063,0.5901719207902714,0.10397909070700376,0.02301340300495348,-13.79873100271069,0.2663260906984662,414968,0,1,4
track_1324,111.86310086786814,0.6741730307477615,0.202537052438274,0.6034404818654449,0.18673573635932258,0.1089403361942319,-13.525889687214148,0.7514960322005311,349225,10,0,4
track_1325,134.02398818775032,0.860026452812394,0.73922183008015,0.5977212361053805,0.1966200677102028,0.02964505229675378,-21.004545500718947,0.1493404394901963,337683,11,0,4
track_1326,113.78801470491875,0.22663624604863283,0.2643271235327097,0.34713717154890444,0.9198043705419204,0.22990169235453617,-25.844815727731792,0.21828860597121902,156015,0,0,4
track_1327,57.33307307463825,0.810554037437305,0.19744466647804856,0.9610173201685911,0.4893158414317032,0.02,-11.307091311764069,0.37954119462826835,394756,9,1,4
track_1328,101.28572117011021,0.2371645804756538,0.6256469346300948,0.48257954880481385,0.1604322990246365,0.02,-12.561978457226333,0.3914587498312036,122490,0,1,4
track_1329,127.26086708938472,0.6766295180695308,0.724782803676892,0.16600520803173618,0.42824266338235184,0.16147534368448868,-16.96022256824123,0.47183510212929436,294071,11,1,4
track_1330,48.66033702102277,0.0657883075386928,0.478386727412524,0.2839838778289254,0.23306161658944913,0.06839698674655054,-16.720175441527225,0.3911599638012106,175712,11,0,4
track_1331,72.75701958546858,0.39449711604128135,0.5109963478772486,0.30298292153045786,0.030323530550195755,0.03770295485333756,-13.440061886562441,0.4361019675190557,313407,8,1,4
track_1332,131.2963081224456,0.05834293624252025,0.3305745567583687,0.7043221448444418,0.04216217820873631,0.3573441336691034,-16.52625819356309,0.491443463314019,290549,8,0,4
track_1333,113.1028630259186,0.7826070380044393,0.8470160698594656,0.3782551933678332,0.4401288842954889,0.49629923749847393,-9.78180677924373,0.46424338822600836,347967,2,1,4
track_1334,117.35914746380261,0.37504791761533846,0.45008403441335815,0.25916007819304426,0.43345147067464274,0.4323155957422603,-9.523816551237434,0.8543441915210266,150250,3,0,3
track_1335,160.78484422869934,0.5032218058852701,0.8559847751158717,0.45800081702967943,0.36479430031961635,0.02610874080866774,-14.539117330103856,0.4550893119827253,259992,6,1,4
track_1336,119.05658335518608,0.570401995800231,0.15307364496651263,0.3220248484240806,0.20976464928990626,0.15610093388974916,-15.370096841527111,0.8002160569536783,137438,5,1,5
track_1337,124.73664031299538,0.2069940506889533,0.6747076470579435,0.6255676831484362,0.1860171157508321,0.030658487329386863,-12.412634144443535,0.3364452848877043,359318,3,1,4
track_1338,186.3223658165498,0.23025834713060936,0.7455918001759534,0.737220539491991,0.20786198306440773,0.033334287444652236,-31.296634505164402,0.3175686660768111,236044,11,1,4
track_1339,98.58586325728528,0.7601827719451367,0.639855322012479,0.2496207194228068,0.625815530076192,0.043368836445792654,-14.396509990743954,0.6710826370928408,320938,7,0,4
track_1340,81.06351709144515,0.6506603647544676,0.18702646921794552,0.22739935405966777,0.8221885398261272,0.03231532054997905,-23.657603153214914,0.7735232582859396,208197,5,0,4
track_1341,117.83389194741397,0.7345581096782517,0.45173796445461567,0.387739980935419,0.2828696075093542,0.04476534911015516,-11.475685949305355,0.17031322483384514,332710,11,1,3
track_1342,118.16973088166685,0.8088868789818552,0.7428437888752716,0.2087451184935636,0.39766016237189156,0.021231315590861638,-8.581692676470944,0.7419989777596722,397044,9,1,4
track_1343,89.19853824161376,0.4119214827396412,0.36169427732953713,0.2761437330937765,0.01785540906883981,0.24096782302671504,-29.284252810744537,0.24571055104898143,291217,11,1,4
track_1344,74.02808941335458,0.4327610328929006,0.28457249400503515,0.4739725331298112,0.2782114311423267,0.027025446195380547,-9.954837669137827,0.21409045045845057,225315,1,0,4
track_1345,174.29533266270232,0.9313177887520147,0.4393588925150646,0.3367895266541972,0.4262850834776398,0.32255601606431206,-14.633923938123132,0.7205448906026879,210091,0,1,4
track_1346,114.80530411164068,0.5383374466229623,0.7691649730095204,0.18502115887621426,0.1922788556363142,0.0845805194261488,-11.020614542605989,0.676486907910355,149496,10,1,4
track_1347,83.03143855793773,0.7560744295968147,0.1601155142136044,0.43331447303003845,0.554826297578048,0.24439362922056895,-8.029382788675598,0.8410384066740563,391562,7,1,4
track_1348,132.47790906838796,0.33794048599703336,0.2925536992142652,0.09978705922002239,0.08735473338647232,0.08289958504075633,-12.674794928994677,0.8755505129783866,354688,2,0,4
track_1349,101.72564545315997,0.44597614770965766,0.6577184735582531,0.622384232181923,0.4790384155379272,0.09659197122423555,-13.163595777589714,0.8282339436323582,405813,9,0,4
track_1350,97.41355661046506,0.3025359371940748,0.2683685301285406,0.2114669871226299,0.2847707240730993,0.17029363726252802,-20.969070399838465,0.6915061504029008,323713,6,0,4
track_1351,121.86818615743479,0.5926556512227568,0.5337674783805131,0.43571968912498776,0.1252790499418032,0.3377962326945699,-19.23455834458874,0.7921505077548124,144484,2,0,4
track_1352,66.2435319530493,0.3039351509515182,0.9634615333568478,0.24159446084931313,0.29159753558480445,0.0668767003754348,-1.9801824690952365,0.2964249654198389,271297,4,0,4
track_1353,115.57881611751517,0.6398390366183448,0.9877399710490924,0.4478961278207122,0.3078933052843098,0.2442287294729035,-8.02950878707355,0.4680803584100654,208514,8,0,4
track_1354,162.38864423195258,0.3628676864536735,0.6148775800919348,0.4779486737959934,0.3240605174044252,0.4263585012720652,-11.220347636638422,0.37799463927287164,352759,2,0,4
track_1355,118.98532986591933,0.5174111728091803,0.4958155960083105,0.6769872332738928,0.3063294271558837,0.034975429226251485,-19.746857259653304,0.2491851918964855,147044,6,1,3
track_1356,93.71363688649606,0.5742703191992398,0.8349866207687975,0.7147555014268647,0.031112236857324508,0.270645913250352,-11.866443618140917,0.6763514779580587,397384,0,1,4
track_1357,89.78684158715274,0.27881536882632246,0.4541743597196616,0.05518947330372453,0.1345560933958329,0.02,-16.606222374967803,0.3409600563709311,183697,0,0,3
track_1358,92.68980079964672,0.6469809816988193,0.6092356000302578,0.20592393112760946,0.4057065170529207,0.03318068464912665,-0.6365111907008476,0.2940794355579335,131461,6,1,4
track_1359,97.38111965856658,0.1841394987855034,0.03529951470396497,0.1973452325058103,0.03890808695334159,0.0323668137721632,-5.690624737434458,0.28387208352099,127757,9,0,3
track_1360,93.66580401725184,0.17246543458849006,0.8779385138188971,0.40958106758485197,0.5464650450917656,0.06784284530707528,-18.99943161167918,0.2117657209665827,220350,6,1,4
track_1361,132.489343232237,0.7125610833379978,0.39750784962232477,0.37583472704111515,0.2349766245500722,0.051645514108989314,-18.399546421771966,0.4790107835165189,199815,7,1,4
track_1362,53.00372690373051,0.5832692004392968,0.8206309582916629,0.21888166252406616,0.3117280776204759,0.15712003540194183,-15.35395601216539,0.39897681524197115,214039,8,0,4
track_1363,130.86000151236402,0.7868757015455562,0.26389811710634553,0.35712850710373983,0.07785646142649093,0.040943514856759004,-6.2593516633196735,0.2141318208924441,351637,10,1,4
track_1364,93.60940424572317,0.8724103854026096,0.41170222971649245,0.5946149336660058,0.10793981621422633,0.2584267291972408,-7.3949783434969465,0.38384838280579153,144239,4,0,4
track_1365,116.30843357086117,0.7587318404064957,0.4507385896928036,0.3921354456026281,0.2059539063447944,0.16248899569851386,-27.077054658929743,0.5977385206764475,144028,5,1,4
track_1366,71.1903626939741,0.4604692071468983,0.28034518178634577,0.3483659119762937,0.022355731952615275,0.22999883142616045,-11.478796108455686,0.7286796586389477,137588,3,1,3
track_1367,144.8589320054831,0.6884418882541418,0.4815527991097798,0.32727415599788373,0.46892453758625213,0.20055532266556012,-7.020256120753208,0.5134739906879429,366965,9,1,4
track_1368,142.36904880515618,0.3349549623624574,0.7847862259694119,0.38297595258904543,0.3249879578124464,0.35689182773823336,-15.277693391939414,0.6149036545165739,384198,0,0,3
track_1369,133.78771577250222,0.7315093359201684,0.1123376253570985,0.3370521547928943,0.10512316296976072,0.3989091735502325,-10.685592505876286,0.2721404581773785,281317,3,1,4
track_1370,59.55735672619382,0.8270620579920177,0.4209440967777707,0.506886795540877,0.06294707517496556,0.2735983426906945,-2.612931816737703,0.41511555279472645,292499,2,0,4
track_1371,129.8736321319816,0.3743974658782348,0.6472602300763874,0.4180142820963318,0.43398474480176336,0.15377428981770525,-5.630078662921941,0.38953837178478845,288872,7,1,4
track_1372,117.14565262907126,0.5210387382153995,0.5467187178111234,0.20582063758653968,0.1590255958141027,0.02,-11.061232816286644,0.47277488302105747,278806,0,0,4
track_1373,56.84186258602297,0.8384731847104039,0.3821797703327084,0.37587324613010925,0.032842480491459033,0.02,-11.959331731898065,0.3094335633735614,127901,10,0,4
track_1374,104.27107848687554,0.6013850193884998,0.6453394435015988,0.15798548449873315,0.04465787360655831,0.162324515643085,-14.213930465066388,0.5324162861071248,305514,3,1,4
track_1375,115.93603467099787,0.615411154066453,0.2997935827108128,0.2371323391405753,0.12350849443742105,0.15019722484471598,-10.637871324057272,0.8798325307447833,245635,11,1,4
track_1376,121.68225821469453,0.6218797321431321,0.1583337272267815,0.4351449517796611,0.006185932468340558,0.3318145530091181,-15.172985724195946,0.1871785610065671,378170,3,0,4
track_1377,110.31784100846568,0.5339627755100931,0.9361237261080823,0.2986530071766157,0.043759279060642704,0.31322319113494546,-7.6744158006197605,0.3651500051058699,344844,0,1,3
track_1378,113.7369425054214,0.7195459524197733,0.6173325185519226,0.20542194083925483,0.016988258399629697,0.5731264898041706,-20.155233463344263,0.360811879713707,385098,3,1,4
track_1379,149.20834176759286,0.7365551024482331,0.11082935110808682,0.1692820226514961,0.3190281284205006,0.02,-17.680057860991155,0.37282053482461003,268294,0,1,4
track_1380,141.7810172973204,0.09106477050609342,0.217522684431547,0.8383762367919879,0.17317694782024762,0.21596434300012116,-16.402643677214357,0.16411976903493664,221856,9,0,4
track_1381,40.0,0.3674430428490504,0.48706688500505585,0.49469591988772693,0.3833149213752108,0.40604842008468683,-6.60924222248657,0.3683079268217486,302595,11,1,4
track_1382,95.47684335486954,0.20701352224003347,0.5265767015592286,0.7338610560575597,0.19712379275578443,0.02828439576083927,-9.190015471524038,0.11845582269954205,145706,7,0,4
track_1383,100.06046917368147,0.3841262758474029,0.12475325293108439,0.7109001090227971,0.05767203044659731,0.5322734481703698,-12.16321975258812,0.7547024107378683,204840,5,0,4
track_1384,52.43704281819087,0.06351560590251894,0.8242939837131884,0.1726720684994061,0.8730175964683474,0.05255194605040993,-11.873639580000791,0.6000466081389326,290568,11,1,3
track_1385,107.82549174696936,0.31019366709562407,0.17508430704696662,0.12253513868085478,0.0752385840441361,0.052763581278836715,-25.952095183251984,0.49575607995510024,202411,2,0,4
track_1386,142.4627331723152,0.39647858450874623,0.14029898382387102,0.5602072482221161,0.04665983474799804,0.04533952436555724,-10.078972381052361,0.3156990486608089,238220,7,1,4
track_1387,72.40296421228228,0.5607793435799026,0.4182128613946303,0.3268433754711211,0.12086885239539827,0.02,-20.634927755952734,0.06372538141440065,182742,5,1,4
track_1388,115.09202816069617,0.5889626644933451,0.41172378005182475,0.27393270029202,0.20843314833357007,0.20438926304899105,-18.09057221521283,0.3862195159604589,142633,11,1,4
track_1389,77.52529568110687,0.2509042423773388,0.7625601110265108,0.21207507838244036,0.5531378087862782,0.06829493406548122,0.0,0.8721677282296896,131762,4,0,4
track_1390,84.84263928960969,0.8223117737781638,0.6314286374116929,0.4717482660142743,0.0024256783139773004,0.02,-11.13116587676079,0.7959057786917204,405321,9,1,4
track_1391,149.32180902510106,0.8168935347465294,0.7110253667842509,0.11037686632435406,0.5307208995362033,0.1344056417257598,-13.26855404203243,0.5962455804032561,240696,9,1,4
track_1392,88.72326539664525,0.8974056154435516,0.427542268190978,0.4534309600093705,0.20769025609229827,0.08207657517242352,-15.475734449175444,0.8853340660260279,190429,6,0,4
track_1393,118.86637467031873,0.8546247559356211,0.5058153374899694,0.2690930167383328,0.10197396935228267,0.02546528439355398,-6.655408172705403,0.8825353738662073,367758,1,0,4
track_1394,48.86345651817039,0.44987473412122225,0.5010859073440117,0.5117720070847266,0.15522743303600656,0.0638221145096491,-20.682317511829137,0.18804169247383284,259204,8,0,4
track_1395,160.8695268418464,0.4506280847856256,0.41187026674834376,0.5195770181927499,0.2970693703875686,0.02248241374865933,-17.524748116255353,0.4445643025076932,389634,7,0,4
track_1396,123.07957338919496,0.18261487205293922,0.25490621700171834,0.269518118303498,0.0020725806951538716,0.02,-7.225438136327158,0.4308346481945316,381684,4,1,3
track_1397,99.52500472049215,0.7166716504785577,0.0620934696374155,0.5015731681751378,0.539409272396841,0.2922006020300992,-14.149225252605902,0.5247560952395047,278692,2,1,4
track_1398,122.26639529999684,0.49429080144369814,0.8091701690310779,0.43103239935729043,0.09867967659112163,0.06764416262256448,-11.802087278230061,0.29180194059678666,357117,3,1,4
track_1399,62.70541713156569,0.9422767563259897,0.2148650600384707,0.46163359474977395,0.19231021547894508,0.17305564678292626,-17.783803050623668,0.6514744123052951,284773,8,1,4
track_1400,140.47592225257972,0.29143691802839405,0.4876268619786449,0.6606676832042329,0.0017383870831195797,0.4027801913804765,-10.642034137187458,0.4289832776921804,162729,6,1,4
track_1401,95.2804567351071,0.5054304660367771,0.5169686157771524,0.45971100154437405,0.02646595885455298,0.4157384808655785,-17.359736118154284,0.7331528240083905,182259,11,0,4
track_1402,98.87791454854695,0.3819741155141092,0.5227205206722915,0.27512667286288633,0.3971267913731505,0.07304067781038333,-23.824524035217966,0.5018741123760222,298646,3,0,4
track_1403,90.25033155103547,0.5477924908623761,0.3629674172993186,0.7242228512084695,0.3601022559713753,0.08945558093267836,-8.221770932364263,0.39633749882637254,296125,10,1,4
track_1404,87.58045791763246,0.8520170582400625,0.6687776573323455,0.5156716033006331,0.5711584758808648,0.22869709065035365,-19.577235660540595,0.7379907105299542,256735,10,0,4
track_1405,125.84011834885226,0.26889912962387336,0.8049170705103269,0.3854175871385872,0.12691248497914515,0.08896391479871273,-21.780583757107028,0.46379025380534866,274103,5,1,4
track_1406,112.67720550312669,0.3568190220041369,0.732106218055799,0.43140193486952977,0.3374539492023147,0.1887446424691757,-20.123458637312304,0.6372158708874727,418824,7,1,4
track_1407,124.5524442420912,0.5017201671747709,0.6862049024373168,0.5445898517159171,0.052052049679994404,0.1077962677253402,-13.838775291067662,0.44023357053096357,288004,4,0,4
track_1408,104.73615931543286,0.6118641419199513,0.156325264705904,0.4519217975804942,0.12087947714009864,0.10868479280254248,-18.661948950583493,0.8730606884484152,140564,11,0,4
track_1409,120.39599433231544,0.4274497918956534,0.8302150860517631,0.4719062760958976,0.17333083363891974,0.20102366523244977,-3.0603755421859713,0.31698560050328234,306770,9,0,4
track_1410,92.43453768224884,0.5815248092834382,0.5576945844931581,0.29450570209505605,0.2597187692446783,0.0881807452428003,-7.506856448948972,0.10886483039090368,195000,1,0,4
track_1411,171.89195524228646,0.39964385319662804,0.767623854792656,0.7041026491285961,0.3712203965151915,0.3060492405314615,-13.468107740800491,0.5971109504254034,414855,2,0,3
track_1412,57.962087507085045,0.7447064911759805,0.41806957883567586,0.3868458339561946,0.6176626121441351,0.1684400716852526,-19.72486265441433,0.49055121391071793,296021,2,1,4
track_1413,142.82811970688954,0.15677315001585862,0.9668945197109439,0.34212174832330594,0.2743939411696292,0.2349782695835525,-8.386381103881066,0.3296578600029115,254776,1,0,4
track_1414,146.03722352162913,0.057185930684193434,0.5899250716039567,0.48923257072004916,0.47791738499248876,0.14209498600814144,-12.25419940167659,0.7033143808294509,270603,10,1,4
track_1415,79.4352358210322,0.3632783518503157,0.2640833404759245,0.11930476288368053,0.20893716850445573,0.5225202356006767,-18.32631670109628,0.4450854559879678,275072,8,0,4
track_1416,171.8782083166792,0.5105151717809243,0.1693784883189988,0.42383017856552585,0.6720793012845321,0.1520303008163457,-12.683734975467042,0.5000070792724876,351615,8,1,4
track_1417,134.86470848835955,0.20105669964560388,0.12421909582799369,0.47109381672416595,0.4659796833451449,0.09250073338305306,-12.836748684995527,0.5061518742214559,268252,6,0,4
track_1418,134.13417020468734,0.7332835710367286,0.6246936520543754,0.1345690425844669,0.02300836178337227,0.44758075599333447,-18.67179544401626,0.3953488889752887,160587,2,1,4
track_1419,105.8406656107763,0.7633927144724303,0.46038283408314157,0.5746280270859631,0.2117451153038865,0.07083303409140054,-22.484863493507643,0.09510093609184303,266471,7,0,4
track_1420,98.48321525343971,0.1762834219290823,0.7421982622645521,0.42801991478140733,0.018967136387373032,0.23971441809822114,-6.877648695489125,0.31919659854711707,195113,6,1,3
track_1421,98.71773518881176,0.6345544026126374,0.7351901738103168,0.16248947736405694,0.2865391936204278,0.02700437215917587,-9.751247742632218,0.7116845567470285,372138,7,0,4
track_1422,116.71591788958551,0.2759013517313276,0.40175950021551166,0.15970265452240598,0.14570081499852358,0.02,-14.90992564124128,0.4039725556618581,185849,2,0,3
track_1423,147.0355882510169,0.6097548397179944,0.1827859348641898,0.18778394111414806,0.4409661246542992,0.06462951569728521,-10.922113183371856,0.28010964693536633,184374,8,0,4
track_1424,110.43942653584259,0.14878607138152858,0.8134481121881785,0.6158265274251148,0.7396988523184888,0.2061473608453159,-8.725667553917706,0.5678443615957898,405111,3,1,4
track_1425,77.65669130588128,0.30745383131260295,0.39338708791721727,0.15423319009133932,0.2386760060328885,0.2911316728281288,-16.550893024823257,0.47744409579127,404652,10,1,4
track_1426,129.7328118715494,0.2263671545178946,0.6907677616754002,0.47906901386850725,0.6367350097978021,0.07699886846593468,-16.022445020699486,0.5111825411171829,377770,1,1,3
track_1427,132.63452239184377,0.49253616095123626,0.3085890617008339,0.44939089253359443,0.2793056136648066,0.02,-3.585574588555458,0.8797206757085319,185969,0,1,5
track_1428,124.63978585343358,0.2975018045773892,0.16149076505005408,0.20150890027690693,0.18539926203451362,0.1885848960747752,-17.982075637895704,0.40904433800313994,321211,2,1,4
track_1429,127.36496719574947,0.5940506773961812,0.5281894211625088,0.549146741605663,0.5962553560054382,0.24598993503337271,-2.770036873820068,0.35525722641592367,394498,5,1,4
track_1430,96.87215609526575,0.626516663978777,0.4594800145782986,0.3581854828909504,0.22971831475986465,0.38049724193409784,0.0,0.5043991664312854,372284,7,1,3
track_1431,77.13032498608261,0.8716032440530884,0.5593344199119815,0.7135474099431994,0.31212467088706397,0.25920992339136784,-12.422402258584812,0.525527151068374,239360,7,1,4
track_1432,78.95419708077661,0.3708389291210707,0.27853334009294894,0.4374611696196247,0.20574570861413993,0.02028193769652179,-24.31998590446346,0.46411830245381575,173568,5,1,4
track_1433,55.93610254626426,0.8256222759924527,0.4534786892265045,0.4880408802107574,0.28323668213462205,0.047097072905139925,-14.60236052826068,0.21446475634691814,137813,11,1,4
track_1434,112.1084583463785,0.7498008236754502,0.8712043966915506,0.3552438805429131,0.0066446116542112355,0.3448770012695998,-13.54682583791563,0.4155852900217098,243870,2,0,4
track_1435,102.4965365032022,0.1411303280557733,0.8562763801429835,0.6326941527877368,0.05995610214662319,0.021852653823210156,-14.497204890768172,0.39187217590484635,323976,8,0,4
track_1436,91.80036886410873,0.418059262387864,0.48005062479874056,0.08180832068353994,0.09256252433065727,0.10567174494067977,-6.181100461326043,0.23092079322062226,355120,10,1,4
track_1437,40.0,0.7739912296552179,0.138717178670241,0.3889388374936596,0.10768637363932751,0.10710788256827274,-16.907144672380536,0.39220274861573284,388192,8,1,4
track_1438,67.58047590917494,0.6713404384476824,0.483753105514868,0.6799901317781039,0.11779003817834875,0.19776940111630306,-11.294691268469863,0.23956824884329167,170925,5,1,4
track_1439,138.625219542095,0.39897022515346653,0.7225312174144383,0.22823672810234397,0.06536693358182988,0.056264007976836665,-11.609117189434743,0.09448692898930139,330897,3,1,4
track_1440,85.06121999810607,0.14252694721842618,0.7378838985973663,0.539017063594118,0.01782145968800052,0.03510335068716425,-11.410470753150983,0.29526073949751724,158558,5,1,4
track_1441,115.81775032970525,0.5014149399498568,0.4731335048946713,0.6835684820079297,0.09040275835981172,0.15810722326329493,-19.641834456472615,0.3800642343404426,154666,10,1,4
track_1442,63.279437100742314,0.17175689768297428,0.6520271269772369,0.8022059433437213,0.05180909808457696,0.061015961993357064,-8.42193291115916,0.5109017320017276,255987,8,0,4
track_1443,148.16116447077692,0.7304107800522561,0.4125448089233004,0.03301888697915708,0.40600612255296065,0.08889101387404603,-20.046779486246834,0.7024105178937994,223507,3,1,3
track_1444,100.67917019835971,0.6216096434756655,0.3482754724133341,0.26682907006600737,0.23714563665844737,0.18183520921969543,-11.63827708822658,0.20495962458463113,198144,1,1,4
track_1445,113.70121189450606,0.4591337862346649,0.7672084568478351,0.12569602034679178,0.07057577331683361,0.13409755078927127,-10.967874992203022,0.5668445329884108,142938,10,1,4
track_1446,174.77339375645056,0.5395057935433512,0.47464328564149966,0.18027782705876266,0.13295440616475912,0.14135714699391805,-19.99404306063738,0.42250348975563795,362825,4,1,4
track_1447,150.4932030176821,0.20550039228244824,0.10665888268885242,0.3266761467164775,0.546077993263138,0.27088115545804614,-20.46634360162537,0.34244170733092,419301,7,0,4
track_1448,95.80303136138826,0.6963994108550356,0.5749506190909628,0.1934674450448634,0.8322665456132289,0.4116484625561371,-16.1245226073771,0.47918198946129836,339907,9,0,4
track_1449,87.20339445388922,0.3632607332823516,0.7293958675779931,0.5174694500348109,0.2390685412692266,0.5231559051727375,-7.3088885097191945,0.4791070475024427,175915,2,1,4
track_1450,95.23364965441405,0.7630305215086425,0.6871056561825286,0.6396821447056759,0.15476070780339102,0.03508664755963504,-11.450225691530907,0.5469217910598285,261765,8,0,4
track_1451,120.29694745429607,0.47668322489101506,0.6315076155522964,0.527984663219063,0.26187780880301675,0.02039215223098559,-7.727307304739756,0.6761164764798812,378395,2,1,3
track_1452,101.84327597247386,0.5386431660297564,0.5115942469965796,0.34757990618117557,0.02279821280063021,0.5065482970065182,-7.256212261468891,0.25553245051769824,164760,5,1,4
track_1453,93.14267564989585,0.8601947001577445,0.22967943834971888,0.3935788542000931,0.34009921030075185,0.16292194304718274,-9.513561474720953,0.5970470168486471,148218,5,1,4
track_1454,149.01543752127128,0.10926043958730954,0.5755967730482328,0.5923109195673044,0.46298252405295304,0.3511348272024526,-14.214473416563528,0.5878066775340666,315566,8,0,4
track_1455,101.57370324666489,0.13821182547889782,0.8200310665861359,0.4231937877736123,0.09093075400512877,0.03811262194260552,-33.49967928696492,0.5763628301210372,131491,4,0,4
track_1456,173.98767279111956,0.21094738296908228,0.7427831525087369,0.31866172983614527,0.182586111833922,0.049826073715925685,-9.895745036556479,0.8039628244127905,327724,4,0,4
track_1457,107.72227691256519,0.109070987461674,0.47349359827071513,0.2948434036418483,0.2488203226192252,0.48069605219485634,0.0,0.6759539039358942,369493,3,1,4
track_1458,158.55955182674182,0.3488821471171418,0.7297635655650089,0.4703401998952528,0.10941762153050702,0.4522327923151987,-18.44906594552636,0.3427853379380496,302024,8,1,3
track_1459,115.7195826813188,0.06492059108531338,0.5464009945140246,0.38238424514023606,0.23215734499539387,0.19038833430402805,-14.230666988309618,0.7258147900621036,252328,1,0,4
track_1460,133.88881719748343,0.1916245949802093,0.46220502263536306,0.21724102897143482,0.3226130859044048,0.0794378279406175,-3.333662887919207,0.5418506915311033,379515,9,0,4
track_1461,83.26166845446826,0.7219800713661385,0.34823337074312954,0.31570508473755354,0.011551254944322312,0.16809484574529474,-10.81552740808861,0.3710976734174819,279685,0,0,4
track_1462,79.38722332237765,0.21614049319129347,0.5686578174833647,0.7990286996822646,0.5079622446303387,0.07061119359156913,-11.16972192746391,0.17228441716464898,255773,7,1,4
track_1463,118.79117865044962,0.6722057276158573,0.4090960759637232,0.3894065406470264,0.21524188341192035,0.25852315513924834,-16.500778142919867,0.3554851742362531,317314,4,0,4
track_1464,134.65659727395945,0.9045199790608957,0.1343494826631851,0.4803164318962496,0.20709734312318173,0.02,-12.29855427891802,0.1519978688367027,219156,5,1,4
track_1465,106.20769506001389,0.4661451376261408,0.5620266479870518,0.19363097144149574,0.0019631665754545713,0.02,-12.804202883104256,0.6920084617021762,169159,2,1,3
track_1466,66.4081999474891,0.12513447248692022,0.36990831306059885,0.20100565274621018,0.2779370451782944,0.35945576937533874,-11.529426133369961,0.6172482920302298,233158,6,0,4
track_1467,64.19224901132019,0.6134802267218364,0.22536013617252504,0.4650661271854664,0.28802418640120486,0.1642074613352824,-20.885858422058796,0.7962104377417769,249886,1,1,4
track_1468,62.18590793441277,0.2083118454027779,0.17341784528957768,0.249175713227248,0.0773601150361506,0.02,0.0,0.659147820754877,295462,11,1,4
track_1469,51.97133661181857,0.3862496030877638,0.5065728838892393,0.3299969319273308,0.017670492879793543,0.3155807659247089,-13.896407801750234,0.23823392392309004,161548,3,0,4
track_1470,108.28456078341263,0.8752898463411616,0.878618149533785,0.01,0.4178501919695798,0.03827016839417233,-20.016836598775797,0.3609112122089915,136279,2,1,4
track_1471,138.75131765124075,0.20152158426259306,0.8981033465180194,0.6067920280809443,0.3519232218041417,0.06147814170920835,-18.223758993400917,0.622959835815688,194368,6,0,4
track_1472,104.59752639225573,0.46361709550603647,0.37652616453137966,0.2803450666468723,0.0103772316350428,0.1820513212479742,-20.6409728386667,0.37063471945905807,369116,9,0,4
track_1473,40.0,0.3943355193854162,0.24084536764699302,0.5473687040966156,0.2775746842597217,0.07246228918126993,-15.524219661912618,0.3891653978997204,341790,7,0,4
track_1474,99.27718618996354,0.47386900178736013,0.6468729115911767,0.091525981581259,0.23234512569944754,0.4635401971652419,-15.930857149865648,0.8168349140446717,131887,7,0,4
track_1475,100.11603010102179,0.27715761222675594,0.5744472902843221,0.27672838941852346,0.16147433023572055,0.02,-8.093818693969101,0.7877624058870302,297917,4,1,4
track_1476,167.87996250676318,0.7303560244834433,0.5733114218235484,0.2212685726010557,0.07408439822194555,0.06545900284431097,-21.661303725333365,0.428473652496864,132802,8,1,4
track_1477,61.28586261241331,0.5499490478167095,0.9053647163576096,0.2894777999756126,0.1717107993700585,0.33178228777470287,-22.315554282826234,0.2788613668032322,162266,10,1,3
track_1478,93.27967192202414,0.6119033339305556,0.7660129494467639,0.3964158775967632,0.5055338593603097,0.24304599864857368,-26.089368424054257,0.6734577759839502,398084,0,0,3
track_1479,156.1755804163369,0.106788520089476,0.5341607423258264,0.2340230060973792,0.32852078126080836,0.08761274948121886,-11.824993659482152,0.8377945263492389,258591,0,0,4
track_1480,118.49935024039644,0.022021691493634487,0.4590105884062938,0.12235717244782207,0.07317307762195284,0.10696089621434444,-9.929495544010866,0.5648791454321204,256351,3,0,4
track_1481,121.89939220549275,0.6619139207189468,0.3784108849023102,0.6819522639288268,0.4458959560510064,0.16229580769790217,-34.45156469689087,0.3142482929947776,156086,4,1,4
track_1482,108.43753311071634,0.5319993258418139,0.2663312138302664,0.23427119814848504,0.3825397379535784,0.11799632995017466,-11.493298548476737,0.5847495164596097,260396,8,0,4
track_1483,114.89830615971793,0.1167098856760346,0.9151433186907185,0.5107619403286576,0.2377176325973726,0.041566792720137274,-18.284683209146706,0.13103751665859104,272429,10,0,4
track_1484,128.32828590835607,0.7055875663792645,0.5661779904876172,0.3285697711549615,0.5249672785924766,0.15098077536292115,-7.777973367112013,0.637553544710497,319728,0,0,4
track_1485,80.71541043321702,0.6866006156247244,0.531004266472097,0.41503462495263754,0.07171861101641475,0.06240666630095408,-2.4709286755483237,0.5563194906475832,242272,8,1,4
track_1486,131.341757367246,0.29230511952329286,0.4888640231092387,0.19084786795664588,0.4746612140087839,0.029063032447939438,-24.28151116127149,0.4243918926006608,150403,7,0,4
track_1487,63.80990949343383,0.7340606070596065,0.6396699067648529,0.8868402674260625,0.5039812839140371,0.02,-17.472037835840588,0.7005154897640669,135363,6,0,4
track_1488,114.85103918494615,0.7780112095642655,0.4911247485638214,0.25874860801121297,0.1734846930926022,0.02,-7.8185337786345706,0.8748430952176053,256019,1,0,4
track_1489,110.36222889858982,0.35222892418895163,0.2718690387643793,0.35775145539998504,0.07599734031036541,0.10912947296169491,-7.780042996752853,0.30585425634714253,291927,1,0,4
track_1490,86.51120735423676,0.7614789108233959,0.15652851819618932,0.6063517805010217,0.23477908292632116,0.022471562345728745,-14.894234774733684,0.8153324936539893,297756,8,1,4
track_1491,104.3194417402306,0.5021483810770021,0.3649852586456202,0.4214944451328076,0.47434617696347814,0.02,-8.446921344698062,0.10767548872631025,140909,10,1,4
track_1492,86.3237954200334,0.6840582180426038,0.32483187339895436,0.5007848487975683,0.2500630083443949,0.1532398775693892,-11.165253578938028,0.46572826001409035,134548,1,1,4
track_1493,72.84896019414768,0.8301858581496617,0.6029886793911774,0.03765160617150443,0.042282283251578436,0.1932677544797974,-8.102862496786203,0.2906361942373306,167725,1,0,4
track_1494,94.39155775159067,0.19521912458727025,0.5878428717969425,0.46888392117065025,0.030753247763356768,0.044688930175478564,-7.689919094817547,0.5975494973726924,308367,1,0,4
track_1495,71.88034093885015,0.37183798002999613,0.8914947773401266,0.5454183189938334,0.46212121922691,0.21540225590593234,-14.744792860463944,0.26031908297401124,266418,11,1,4
track_1496,114.68392392279745,0.23845185568989236,0.6990386397571873,0.37892196596941113,0.3908314217158737,0.17609648039274547,-8.982057800406153,0.16105249516002976,187688,5,1,4
track_1497,70.4974351754291,0.5133716694556663,0.31059068516402366,0.4137667807733328,0.37524423760627373,0.1219286460133131,-14.670476498711041,0.5520192373709557,120904,10,0,3
track_1498,126.35931068973154,0.43019596378259767,0.6620522445972672,0.27541054737855375,0.6592685927637983,0.24868909719819624,-8.752756292758901,0.24014253737966498,146720,10,1,4
track_1499,69.55562796213539,0.6624447485091517,0.7923778367537725,0.16975362504104508,0.19222930661047852,0.21711206493354948,-18.455000635042673,0.884876271568875,397543,2,0,4
track_1500,88.01115253256981,0.4092297206174957,0.5954105929187634,0.47096473685126244,0.35031891563645867,0.223340743934768,-11.321768035797692,0.4985448971281237,128492,4,1,4
track_1501,86.26189775354463,0.5557427894490465,0.516536525799069,0.6175039904984381,0.08237597609802473,0.23770611287105375,-11.453430651118996,0.265068134306957,200587,1,1,4
track_1502,144.75440186624516,0.4316283872273121,0.5152588894965591,0.26647626227028487,0.3741387547878066,0.20819119856936943,-8.306620365386344,0.3461554657922406,249189,10,1,3
track_1503,114.90869836849775,0.7605383947597245,0.24784160779762024,0.45383320908649877,0.07433624177161005,0.19172498582372327,-14.671646303819312,0.49130706669792285,180631,4,0,4
track_1504,98.64798592366817,0.7407508874130029,0.1532795902211953,0.2590688254342702,0.13824465403347877,0.03284935581025781,-19.646458271228134,0.8070646666583152,133660,9,1,4
track_1505,119.9615832320917,0.704152485435987,0.34938636115044047,0.36406298757130906,0.35834712125331647,0.1927091058372969,-14.454390120979749,0.9407261683556173,400460,11,0,5
track_1506,41.784229580109354,0.5530269897180549,0.24948006846321757,0.6078925993547911,0.1631506682008387,0.036967435445646075,-22.692797544174624,0.5787998109341419,294811,8,1,4
track_1507,103.70599231077277,0.11009563001318523,0.21695124429581,0.2347651159427142,0.47387358069385715,0.043271626541919524,-16.521923302847554,0.1771225024998556,172440,2,0,4
track_1508,164.9254253341429,0.43837049584394494,0.26596250168098406,0.28302348392405646,0.7910676402200882,0.26369640365697566,-23.434265190010443,0.20220787623559167,212273,7,1,4
track_1509,108.97039519208018,0.7790739153359209,0.3198038963606194,0.6551049173188064,0.45735070817669826,0.0495656008927759,-13.534606900197431,0.3653981628061525,162483,9,1,3
track_1510,107.03739507508007,0.35173304114569226,0.0539938653315987,0.2641383960364513,0.015796211864681345,0.14413620840410246,-7.415469704867109,0.39164600525028204,154158,4,1,4
track_1511,121.44385138926589,0.7514791104321714,0.3300746384032049,0.260177444162461,0.7124980327121967,0.5802571682635792,-8.34134716761966,0.32904883288373693,367672,6,1,3
track_1512,131.86815729943038,0.3627260082198985,0.44931232248190617,0.22607498599750658,0.07839157221667967,0.10550626641679055,-24.17493697591374,0.7689334324819412,288333,11,0,4
track_1513,45.07599921330421,0.2807271554322528,0.3941781206046063,0.7044632486798051,0.008492330506187277,0.14778072314450105,-12.49720365830338,0.5459056130147748,128365,3,1,4
track_1514,54.530205546269194,0.6739184781891917,0.7541369674087128,0.4732632030472418,0.25476238055603584,0.4611784966729018,0.0,0.5701526608129527,352650,10,1,4
track_1515,111.3087387325844,0.825818949579875,0.31347607365086916,0.2793953368639041,0.07997709783414561,0.08684800709988721,-17.350033064937705,0.8455528037411015,122348,10,1,4
track_1516,83.55370314307471,0.4661008138740418,0.7554683930396832,0.11896126056712801,0.2390092346036046,0.30518114256161216,-11.178316050836507,0.14563026976969576,177594,2,0,4
track_1517,144.36075786659742,0.2870569743334947,0.20540111014345155,0.3426029732338609,0.08201573728057851,0.2807639551813934,-6.718032997183218,0.7229650717830125,338079,6,0,4
track_1518,95.54476830344328,0.6137907820431537,0.7248745303560362,0.6227571099417654,0.4839063018060255,0.745417982098666,-22.962676143386062,0.536652308439154,188584,3,1,4
track_1519,46.964077928606464,0.43344729641000423,0.696287860331085,0.1542482222436088,0.5734788932618887,0.09455571817984874,-11.781530208192795,0.41669426936727,379605,9,0,4
track_1520,66.95958249468009,0.785849694062369,0.11096969972699468,0.5647645007523912,0.0377888505566533,0.12090027108365356,-8.258943022774542,0.20258868896386217,187527,4,0,4
track_1521,40.0,0.6045869541042075,0.5711660962916315,0.5216011703783722,0.08342143506093709,0.15358011435684515,-15.977414026825679,0.44876371497638795,209655,0,1,3
track_1522,97.97623388151263,0.8510002702211418,0.45575777727194106,0.10102151052243853,0.38126484820272916,0.02374208174889244,-22.78806592424586,0.8610166042375175,318665,2,1,4
track_1523,99.3484761820685,0.6133593202516472,0.7401796769153047,0.22445258518850852,0.0752304937881527,0.02,-6.422352540064212,0.422810245566345,302142,5,1,3
track_1524,92.26611870654307,0.6086468740440609,0.6171346605594998,0.6373807400267198,0.276029731321085,0.0940121830975219,-24.63396257869676,0.6724613912090864,225623,10,0,4
track_1525,137.36637117089217,0.7625087052809943,0.7476410098996302,0.3220469171278509,0.2694350916285522,0.07453009556182336,-27.581834022128792,0.33587424518383785,381997,2,1,4
track_1526,140.9555950955008,0.8109443191075034,0.7901045362127913,0.12758593072918217,0.3034071722733431,0.48301441712278853,-22.573810689643864,0.7343438542140713,398838,11,0,4
track_1527,99.88834729931666,0.6687412122581607,0.4589832065696934,0.14167229827987166,0.15507692755206828,0.024652292261627802,-16.506172078806895,0.3200953888348384,272708,1,0,4
track_1528,40.959189975694315,0.209794228118481,0.4425190318868784,0.6424570241798354,0.4168226722825841,0.12501497045826368,-23.46663204314351,0.14764922801304128,387977,9,0,4
track_1529,123.51844741476775,0.6229594066269479,0.13581687693268707,0.8909709221940711,0.4181201839588817,0.04475014961545971,-21.236136260090372,0.46735549448596125,402437,10,1,4
track_1530,121.66080685525726,0.18393270281875498,0.4618227029296989,0.28100280907905495,0.06648230728761555,0.5158904189685223,-18.245926051851434,0.33260087014047,122377,5,0,4
track_1531,114.28174710470834,0.7673676095332906,0.8100943872857533,0.08177742426176604,0.030613754441541387,0.08113210401382431,-6.034570135945104,0.7118023411658512,141441,0,1,4
track_1532,134.44439247924348,0.6143051110391563,0.8002514644513672,0.4448079515114173,0.19629393647636614,0.25977695359570313,-11.247918683546484,0.7441692666805539,230624,4,0,4
track_1533,70.05515710616879,0.7439388404892596,0.5328956041882392,0.18374444083379238,0.36376888267614266,0.12418364797872963,-12.621130431852631,0.41763214290093803,189517,7,1,4
track_1534,165.26266158555416,0.02928408296787874,0.8897113993455883,0.4957732755043399,0.31609000510909735,0.07150265831672598,-4.055776569565072,0.20015907343356473,127097,6,1,4
track_1535,76.21716740574396,0.4195306745088479,0.5459005675751283,0.368948309553567,0.006453949478796482,0.03565186309766009,-3.710070883756126,0.7377346253141531,300736,8,1,4
track_1536,127.47668781602565,0.5042026638989557,0.34184164949123297,0.10502706084382991,0.29981549642617655,0.12437555822855835,-19.699922718765734,0.31508677148663516,144056,11,0,4
track_1537,54.37956916759945,0.8399300200857609,0.26177875560018254,0.2965179240487872,0.01695476278664824,0.2315411851836221,-20.076147978634474,0.4140972448776836,148736,5,1,4
track_1538,77.09205938189848,0.8063956445208628,0.8017228316487361,0.30085755248951046,0.0968544052690189,0.33467112621114925,-17.88458493513354,0.19704232128563215,314375,5,0,4
track_1539,150.49105940176008,0.5784488422158115,0.1251106184305567,0.35899307140955417,0.27440680769744313,0.09694812296190009,-12.455026136264674,0.5652135704476906,128149,9,1,4
track_1540,97.1730053099745,0.9077264694563749,0.7910812184460772,0.2992172095458808,0.10839520716395896,0.09198893811397135,-5.522286731341584,0.24088679141420105,277347,8,1,5
track_1541,130.19767815398393,0.8743347284228398,0.5897352360592849,0.40636256486304917,0.4923196610648347,0.03579122655751156,-20.501663265221662,0.2971554944823949,124801,7,0,4
track_1542,112.10866166157739,0.72112004469764,0.36179901574847095,0.4686039259550009,0.25905226335482534,0.09478073839522501,-14.487738475063612,0.8383406225815416,319755,4,0,4
track_1543,101.85125531999482,0.7311688459827979,0.983878574302436,0.7165215388673876,0.38288940972130275,0.3703233251111961,-14.811680714270725,0.44691691768869113,380264,7,0,4
track_1544,145.9155097479807,0.7455545775036007,0.6172866993899198,0.48771994847947914,0.7555893182109881,0.44230849201281436,-5.174874351335145,0.7615685212340092,168151,8,1,3
track_1545,97.900235260443,0.08691432548285608,0.41282884992288543,0.6773547240150847,0.29685026019167493,0.10187127919621401,-8.549721021764984,0.16130000005352316,267935,3,1,5
track_1546,51.57785677309589,0.8094901375435639,0.47740861827039066,0.2615805483096926,0.1650984154217996,0.03874107295912237,-20.386204013482235,0.325710619812281,357436,4,1,4
track_1547,80.90279724144885,0.4279970263217425,0.6503909727355492,0.10750225381231454,0.26998579743305484,0.2644838151558953,-8.98670483963295,0.8487974658165972,409527,2,1,4
track_1548,121.53575186105083,0.9439556375139403,0.8056294766128715,0.7586581459873203,0.27531310901321737,0.1674268368037361,-15.777850583717711,0.7469410244153805,121653,7,1,4
track_1549,116.86527319087524,0.3899306304847295,0.24956299512450236,0.34820549792489924,0.35381918390568573,0.02,-12.325961074947742,0.3410339246627747,180754,11,0,4
track_1550,57.98825249293685,0.5033284188564904,0.47475586271917014,0.1424691877908547,0.04126147315325764,0.7321395001213112,-21.77159613422912,0.5096460657259538,357962,9,1,4
track_1551,83.26972441775396,0.6338515812640886,0.5649881279443886,0.17140325881239343,0.5566089062561715,0.03556378511478889,-26.34351288000427,0.45492723802323165,253335,3,1,5
track_1552,87.5483595239326,0.6514060713013986,0.25236931982927835,0.1695346414402858,0.3308204673333258,0.03659960168203882,-15.83248587140097,0.21769241761195182,389613,6,1,4
track_1553,94.03591217657325,0.6126871134235782,0.6260121704153434,0.4513602498068417,0.04814641329150967,0.18980859906196504,-20.03617886701616,0.34139693713893654,122678,8,1,3
track_1554,63.72259234195346,0.7172898777168106,0.36381387728337783,0.3404173833891251,0.4613114504504895,0.30324186481612014,-15.185170918906808,0.3700845894926497,310993,8,1,4
track_1555,86.14886675641564,0.2753881704203204,0.3401562365908147,0.6411986522075187,0.06943296259836416,0.10018805388917967,-18.091866729750635,0.09532619605269856,221501,11,1,4
track_1556,83.14168544221417,0.19431448614832855,0.8291229814499637,0.5990708502790589,0.16742020587797907,0.13021165592435102,-13.71252605281465,0.4622943163211755,312991,2,0,4
track_1557,128.14599779285757,0.4183907625850062,0.7296561441299116,0.478080421011581,0.8736743412554466,0.28589437165521775,-12.50254077812683,0.5827549483631985,361704,11,0,4
track_1558,129.27363932970732,0.635215802995467,0.46746653604043925,0.630474512799424,0.6989796740148205,0.05834594485184405,-9.55508723232036,0.5512157656263759,257823,6,1,4
track_1559,100.62568625733552,0.19540262395351984,0.29039106773460366,0.5463478542533475,0.24042551493083109,0.02,-9.615610831242456,0.6201216199865879,337295,10,0,4
track_1560,93.23880612387805,0.48125623193145006,0.48136496502270226,0.36359003244999144,0.15674163321721862,0.2545083422162858,-5.986335901069181,0.820684500675789,176811,10,1,4
track_1561,109.1977293611734,0.33315607830294935,0.08442765420025847,0.20989311791195375,0.22148557932224805,0.3465492377316932,-13.39762356770122,0.6101365789516795,360034,10,1,4
track_1562,80.50274677633276,0.1889966624050006,0.8253783368945471,0.36813059560075573,0.4492830942672459,0.02090241829154046,-21.57009032527405,0.4166734483068013,362996,10,1,4
track_1563,70.59503753497677,0.9870984607398866,0.28711254998952657,0.4639309161711629,0.350416597588404,0.27423111127632893,-7.900487206632646,0.2672769571388067,400572,1,1,4
track_1564,76.7933637322285,0.6915858946106704,0.4402706192615652,0.5142594861267621,0.062217873019889035,0.09863475306192618,-12.29995421231892,0.286098703373497,162565,7,0,4
track_1565,85.9556050808563,0.5723694008872766,0.49102724418042104,0.18617118566436042,0.3230158337444103,0.22614570397731704,-9.22511393705664,0.6326052515367124,297616,4,0,4
track_1566,70.09578600623186,0.5586842509178825,0.9321446017654569,0.31032969515768444,0.1533376221081619,0.49026450112561226,-8.965356388644125,0.7728741285956897,299483,6,1,4
track_1567,109.86178677188624,0.047799348226441794,0.5857421776062806,0.29221219849394575,0.15085992169791823,0.09088846956810165,-15.656730486680672,0.6741610345916884,392029,11,0,3
track_1568,126.89147021351125,0.09189931751118365,0.6470998619085373,0.43350235049477526,0.052897809155197074,0.0432893051136422,-15.744201269774646,0.44570901582557093,243368,3,0,4
track_1569,57.38705097605275,0.7158505938256398,0.8549283544983092,0.39969754892300086,0.6362021099485946,0.37915316319271586,-1.7165443939527645,0.6464633795249158,192871,2,0,4
track_1570,105.753861336481,0.740430299883098,0.41828213303404627,0.6651003475525814,0.23773617512957518,0.2322459088178059,-21.978012688617945,0.36601129995291065,199497,8,1,4
track_1571,98.40192614200993,0.843746234712248,0.6029330801627549,0.3816731117350896,0.0803715056763974,0.12458038685180699,-16.810650007723467,0.6543407392570044,280868,3,0,4
track_1572,115.2452605661041,0.6458086408930589,0.37180459428565066,0.4848143174384423,0.07838593873105036,0.40013088755617293,-8.717110589898324,0.794483472174203,362947,5,0,4
track_1573,104.61183695689236,0.4752756542114491,0.4412746141184469,0.6391119614472085,0.5400366683558381,0.258214034542918,-15.183996252168287,0.7150122067380849,312519,10,0,4
track_1574,61.392021602051074,0.6262099444921995,0.5799094071843289,0.7727907509885088,0.14606499874216644,0.3221323681154815,-17.47214719567577,0.5844017320644298,125835,9,0,4
track_1575,67.12832103428504,0.20298972098856183,0.3712357827110271,0.5942951688074154,0.13187777015188987,0.0941199556424717,-9.076811615651238,0.7248179930042556,268755,2,1,4
track_1576,105.88270726754918,0.5669796733228011,0.585919251469756,0.23394426458941775,0.03553595298726744,0.3328806575335471,-5.645840853798759,0.575637901463923,205556,8,1,4
track_1577,135.86342759236527,0.84665125773896,0.5464837173088929,0.5087902586249742,0.23421787104276093,0.02,-12.921204085989423,0.6961690066267032,309238,1,1,4
track_1578,40.0,0.5764025356156264,0.5200536856239173,0.6023717031420257,0.26504218421515974,0.11058304636177728,-23.469011887987733,0.6959704756813628,341769,7,1,4
track_1579,115.3717973940474,0.46857889023169536,0.3463770098474528,0.6298763093765979,0.1797254787818774,0.07225844301372703,-13.262688397723918,0.5383919090850516,272889,0,0,4
track_1580,140.6886601586293,0.4320106634426387,0.3040138844576203,0.4034672646074198,0.21126861166738428,0.03678347330968568,-11.48182285744996,0.4855959786629298,405153,0,1,4
track_1581,100.4092237138136,0.9630948532423618,0.3220456085523883,0.48925925419493926,0.10513470744104361,0.04862400554817781,-20.23752371475821,0.43467161683491323,405535,3,0,3
track_1582,121.50607488079322,0.41465788614718946,0.1456302142090324,0.48380903454626917,0.6366515831406708,0.07166087913707773,-4.688581207006047,0.8408527306423212,127548,5,0,4
track_1583,83.90792757306593,0.5091743814522148,0.47309299101508434,0.37377733810619806,0.24445839875588832,0.20241488990847145,-10.654873068365154,0.5664024643076863,351621,11,1,5
track_1584,101.4190140216937,0.4655777908052294,0.4321573174524801,0.9718131372838351,0.12012214229640077,0.20148371659665867,-19.959859190204476,0.7453686235859276,200888,3,0,4
track_1585,56.37259445075545,0.7262511768783907,0.2537352398020043,0.17758299474349495,0.03600360173126327,0.45292186499465664,-10.536031685486522,0.7161755118913806,302529,8,1,3
track_1586,40.0,0.3015562640707306,0.282672291458719,0.3750643928817642,0.11426988435210032,0.37036517476381625,-10.65352648534015,0.21822873125523973,133947,11,1,4
track_1587,133.28297403675825,0.36712545583538814,0.42063569283013696,0.2885069539031667,0.4728094010681811,0.16136728130120326,-17.758372162715215,0.7741285363325534,227867,0,0,4
track_1588,75.45015216826674,0.6467106416432697,0.5620414561840721,0.3954951301881477,0.9176318611629948,0.11155372258789585,-21.70686204816291,0.4091626288067393,172215,9,0,4
track_1589,91.33416464989709,0.8823225447113018,0.27871157964703974,0.3203301396096503,0.0194066372099551,0.27421549544560025,-15.744579932115396,0.43282154105902726,188677,5,0,4
track_1590,63.4067324018942,0.9192941403720797,0.4720857158039884,0.4986699040603436,0.12716506057854907,0.1281775590632899,-17.857235295125538,0.19344348764410246,158665,3,0,4
track_1591,62.70090890748372,0.6418471880863317,0.6268331554248402,0.18313094849221365,0.08105999225334398,0.1955932058520359,-12.380010402730445,0.663218250059715,282937,1,0,3
track_1592,99.78486899716151,0.09829144261044268,0.4055402453807261,0.49389468850294016,0.010342247480327402,0.041794664891852955,-15.69640451426452,0.5587401147959264,296730,10,0,4
track_1593,83.11268417593061,0.35493057877498685,0.6784140700769062,0.28182244661750233,0.010629903753838455,0.2506748899314276,-10.957718413746251,0.15659978104413716,235088,3,1,5
track_1594,116.33912993984096,0.7257520461868406,0.8371608780110096,0.6897072753864261,0.3625737883338198,0.1859838916483955,-12.56052797057179,0.5723235230442244,137417,3,0,4
track_1595,118.57615256938776,0.8184532822113882,0.1515729284539928,0.1876641563572452,0.5875127661783116,0.020105009823675458,-9.349100483778672,0.18127245572143844,404986,1,0,4
track_1596,114.62548938973822,0.4247638523759593,0.8479566547214618,0.28309394530945825,0.21653710880292054,0.05072375327178187,-10.359165268202737,0.3915153621481968,231726,3,0,4
track_1597,112.1580237278533,0.45365539857939297,0.3452193366989933,0.3665315121422359,0.060480725130535755,0.317753909795001,-7.831313764472277,0.14752734245179885,262634,8,0,4
track_1598,152.3330461479566,0.772555081195473,0.6027975846363607,0.8114703733207994,0.3470284485276381,0.25841572570599874,-19.327071034172484,0.48255008145164,313921,6,1,4
track_1599,72.97218692865343,0.15728111415653812,0.1817058681632179,0.43937818884824753,0.10191794299669993,0.028943476181360613,-7.5057543878247,0.48935073364820514,357740,1,0,4
track_1600,103.35195401391246,0.030458697058969114,0.31288116000107813,0.7770652471735332,0.021090476453746836,0.217955231243162,-2.0605148206027515,0.6638824112622683,389580,6,1,4
track_1601,138.98069461558765,0.1813882804123832,0.6520494353406815,0.5528228088615478,0.1580758873445952,0.17452619999968014,-6.478307983179716,0.6598900651365451,248104,5,1,3
track_1602,142.93619428014108,0.27946513206133294,0.7520864182051937,0.42820776760263607,0.18574875920523373,0.2996305033880674,-23.09018440839945,0.3303727193842329,163993,6,1,4
track_1603,62.347090519662814,0.24011442245852935,0.5272582000650562,0.26127113331725754,0.16932771259205343,0.05820789469354524,-3.887042900040754,0.6383657883847829,256060,7,1,4
track_1604,95.6293367503239,0.11009575530659849,0.23338141322619968,0.3237633061449063,0.11725652953449184,0.15529830348587295,-9.255273459953052,0.1641842951438956,368268,6,1,4
track_1605,145.7436328760178,0.4612367552554314,0.547479631463466,0.45804290908191986,0.24738495376644398,0.048870916315374574,-7.73958203128645,0.08309074927415827,122926,7,0,4
track_1606,120.24237315597196,0.45821982441154924,0.9265054680423068,0.39023397967632356,0.47926955170532604,0.15978224391903167,-18.91692038109224,0.2245050823910044,383027,9,0,4
track_1607,110.85789094439318,0.5188997347153971,0.4458402710232589,0.36777136155976026,0.015030593814027915,0.13112515574502578,-22.870595394774504,0.33817971144612685,418893,6,1,4
track_1608,98.4694591969603,0.3681086458018492,0.5275251619020227,0.5809762277886524,0.10846908911438087,0.11157316886714715,-4.967636921227772,0.41517453708855945,269942,6,0,4
track_1609,93.48597222876764,0.48668383075438193,0.7550928864791466,0.4026330807473261,0.061071599075451566,0.3940442892888369,-16.92094615671164,0.11297239560521993,199936,1,0,4
track_1610,113.64657189270973,0.15468211838795867,0.23595669933936317,0.18555572406913032,0.25980369680762344,0.21713235552683977,-19.098146489343918,0.9226938791783034,297708,9,0,4
track_1611,97.4287762504655,0.6147056476774311,0.8536392093286695,0.25544380744282785,0.18919257885984295,0.32370741898047906,-23.58378095316823,0.7399458615238712,270888,6,0,4
track_1612,103.72264136866667,0.6504334798147978,0.390479368963452,0.44067687606929085,0.19440482110294663,0.2532346388974609,-24.59584257996003,0.22784071252635207,125363,7,1,5
track_1613,107.35796118345112,0.7260396382806021,0.09556296605762618,0.09680116729517335,0.14376558111526008,0.2501580641112443,-13.99625617565759,0.590242404700445,412478,0,1,4
track_1614,84.65785414519502,0.4119076493417802,0.5192235505187471,0.5800057591195521,0.3814333156398226,0.057627846136382124,-8.43901133162022,0.344502936232138,320708,9,1,4
track_1615,120.96388121644316,0.8413305437970949,0.6524810188369822,0.08635522201880391,0.2077226714746481,0.10566456812835921,-12.17588989836597,0.5744226576063303,212567,1,1,5
track_1616,192.4273394524626,0.6606023369769941,0.6266727072067224,0.5413767230499869,0.09595045812536353,0.09824873521763702,-14.857743449223108,0.2269058365915242,159496,0,1,4
track_1617,51.69040082021775,0.6683479032496112,0.9044079270696083,0.16971505425426017,0.2227039993050309,0.0748161661600478,-5.806729300092474,0.49308875129052304,126725,5,0,4
track_1618,114.7203757256994,0.5781597575014692,0.7855028174897741,0.6842222529257294,0.2107722856440032,0.0887814738766699,-4.963607877626355,0.763304716335485,265013,7,1,4
track_1619,82.19429734143283,0.4540114630704811,0.6952506529573146,0.5583822549446851,0.4038782347591094,0.17281077343141443,-19.62156860733636,0.49011571536419807,160113,5,0,4
track_1620,122.3220773255775,0.7766224722847356,0.6062353397658591,0.2067115905239957,0.19999631856692532,0.25858873084465295,-12.84319506069465,0.5066147112348672,314420,8,0,4
track_1621,106.39672419983583,0.35283925258474075,0.28552980146768125,0.6597243368147774,0.44369338732781105,0.061489600247474796,-13.232944099112581,0.23429984501445988,325962,10,0,4
track_1622,127.85564322127391,0.2973300378283868,0.31973011197513596,0.6425983410486265,0.7362716013259958,0.032556563231488846,-15.877391857586753,0.9064188074548323,184398,2,0,3
track_1623,140.2651972952634,0.13215193820037774,0.5568510557956199,0.878454988344488,0.24138075660689495,0.1301289393932589,-11.192741735436016,0.5871804175234056,293313,7,0,4
track_1624,110.77263353304544,0.6168962363777669,0.9294231360065055,0.25898973176564555,0.5685731581804262,0.04792214520028358,-5.054388826047688,0.3768942408141895,158407,11,0,5
track_1625,138.96156865242534,0.7367478420758276,0.2143239501244849,0.37658019418009314,0.5186970298019036,0.3316327055378455,-26.120554914965894,0.7893224719383864,244241,2,1,4
track_1626,40.0,0.7706341582081953,0.58196750811906,0.4765425617314269,0.5385326512069752,0.028960666464534473,-12.593824467276317,0.803790910835859,293723,0,1,4
track_1627,152.7135689374807,0.20924729887032553,0.31033531469967196,0.09708142906976194,0.3294860322207943,0.16690852880970247,-13.104761707383682,0.8771111017547654,413873,2,0,4
track_1628,116.2518645567702,0.5449987459005663,0.4410133188995872,0.5078899081559942,0.1624841748929027,0.05272625010468738,-15.46773992917551,0.757990417680351,359964,0,1,4
track_1629,137.33530067235546,0.8438655337548464,0.08284305890474893,0.32672394138301597,0.0942366012874866,0.11029427803423852,-9.390234639578766,0.6626219069544327,411012,8,1,4
track_1630,68.40372765475435,0.5814350985353502,0.6835101661316018,0.6937043287713623,0.40300671964209517,0.02,-15.602465217833458,0.5245066498924189,372520,0,1,3
track_1631,80.07690355183993,0.5515602792761011,0.6234697728521228,0.4467644480633467,0.16050892300539943,0.10559975412640771,-18.36959560871545,0.07448940967685044,177123,0,1,4
track_1632,109.37814882434323,0.7966802670038238,0.5512717519238612,0.14611434316198396,0.011958809661245552,0.02,-9.220042476358557,0.41030086756694256,317283,8,0,4
track_1633,104.4888633198761,0.41750671095199904,0.4010424020060801,0.5247547456794673,0.04401564524069257,0.02,-21.59868286436864,0.5431282102045878,290725,8,1,4
track_1634,113.49205764029969,0.31042705784797764,0.5045957156033095,0.08205862651521874,0.39508880392087714,0.20004510070116982,-18.19807908678659,0.7114628674140938,344985,11,1,4
track_1635,137.53545482789897,0.7586074863871414,0.7581416254808444,0.347157145925464,0.015234363356281734,0.31907576327895165,-19.061391035377685,0.2621958049119119,316942,1,0,4
track_1636,52.04339054091452,0.8136066972252869,0.8547729822719587,0.24323510917355046,0.2947628845338598,0.46618536452232673,-3.8138171184586156,0.20643075101541472,278041,1,0,4
track_1637,134.21457215151926,0.5653123169666648,0.43131472486408456,0.4333299014871469,0.06834941190297227,0.22206730208920442,-13.115272651059593,0.5782186665985691,146624,10,0,4
track_1638,105.2484572987378,0.24023978626152584,0.14480329735093872,0.21325668247895235,0.8008921360690975,0.05121966529300939,-22.301333466644138,0.655020086452086,260267,1,0,4
track_1639,98.88654416626356,0.6361184354832871,0.16792863601546995,0.7651094216838303,0.14514528996573406,0.11120464379783059,-12.47732277746534,0.502651763445741,206357,5,1,4
track_1640,60.86654296845329,0.40852815230104006,0.2647086381099547,0.11090336491327656,0.12952530609672014,0.1568835118450557,-20.76157345268849,0.6869093996551812,330472,11,0,4
track_1641,120.09146005130594,0.6707886098260547,0.7161513774328203,0.35816536460014103,0.1293790462648658,0.07270611919390366,-12.292701064548432,0.12426468573943066,169746,7,1,4
track_1642,40.0,0.27755042679090336,0.8633272132363925,0.4216726469396708,0.3800897279285425,0.19824137137884065,-22.035106988040734,0.359190769518927,237529,3,1,4
track_1643,124.45182033716138,0.48006243736444326,0.11193659956843043,0.4903597445718001,0.027115382696164606,0.02,-23.191378780570847,0.42886555573053187,289054,10,0,4
track_1644,60.23682493581024,0.5307500617913404,0.38286918002847004,0.32197102924095927,0.14697018909545312,0.07113848578675133,-9.71891264961836,0.5933634263068022,337087,0,0,4
track_1645,106.60373737852422,0.8554013856116798,0.12618341013318585,0.5826470348780084,0.031276645688894045,0.026233845391808997,-17.771649556851354,0.7151306881855163,340670,4,1,4
track_1646,101.42493488016238,0.8573858396369357,0.8927999611035616,0.3504424189509736,0.1708425521950542,0.05164720177834031,-6.4510603681424925,0.6592724276849806,203558,11,1,5
track_1647,140.0861444188165,0.3956426640018918,0.1414878664397858,0.6008346699180749,0.0531885135959884,0.14847149177367433,-27.24233946704714,0.28263875555201734,337764,6,1,4
track_1648,99.64034492958329,0.9258350630083941,0.6618036907645655,0.8049958512537237,0.04577612792005184,0.13770104383079135,-10.532505438108211,0.1906002043513074,120212,11,0,3
track_1649,84.17584316563003,0.24882474603077429,0.6279151804290893,0.6386035465272409,0.8789942865911283,0.2757414709178124,-16.95216612186441,0.036156497576499795,143376,2,0,4
track_1650,89.80191912086391,0.8152908599263079,0.09811230662872926,0.3168995475718809,0.38884346599480435,0.03797388881702104,-9.59528003972016,0.5468616321614812,247213,0,0,4
track_1651,143.18648306263992,0.33928970715733053,0.15543099970743204,0.15629362417077347,0.06655438092035455,0.422956030741375,-16.527227005647173,0.27693967573571354,183080,4,0,4
track_1652,121.08890907542681,0.3258274178424213,0.4357060246665747,0.9337236373495635,0.15907499228979233,0.08529720962287331,-10.333435094755888,0.6679193713126776,281585,4,0,4
track_1653,93.43110055430516,0.5520466437662519,0.4492874360143735,0.5324218352787146,0.09470582792274543,0.5003811363139203,-15.664452487554339,0.4454982084101514,330659,8,1,4
track_1654,97.90660740106459,0.35120698893103824,0.6146954377137132,0.234324266717821,0.14947012889652317,0.11904071398271147,-13.414710431658982,0.6139143740866702,394156,11,0,4
track_1655,57.98468728243659,0.8355663302820637,0.4026873507040452,0.584375782582885,0.08282147353439065,0.08556994848388354,-6.131248113724702,0.7684133536628497,192031,4,0,4
track_1656,116.65422602554622,0.5010860116776699,0.2556031910554698,0.8655941184541571,0.2124985665226221,0.08630539648783608,-13.653907824831169,0.6882789354478153,210984,1,1,4
track_1657,52.20552876913603,0.6850582058984529,0.3497825733180189,0.49608276607005075,0.48488891325519695,0.24676397644218953,-17.755469690851676,0.4932253479928534,371881,0,1,4
track_1658,127.55389397506369,0.4624810690160465,0.3951825676798789,0.3001217767166933,0.11234090491615191,0.11906098414892126,-19.733319689153255,0.2792043922101023,361109,4,1,4
track_1659,108.85864777473797,0.6647869767575444,0.4824742169552376,0.26170146841850145,0.3888114240454556,0.4355528511199042,-11.069947134376186,0.49287907184778534,287978,3,0,4
track_1660,176.60855398721768,0.6308952308084138,0.32209051335947214,0.7168479138585417,0.5942397479328296,0.20672099882686046,-7.260232584781944,0.6929909624730938,199620,5,0,4
track_1661,71.99593338827083,0.45047884198434657,0.01,0.17861604972113804,0.018262004154080934,0.1433368373983593,-9.987019866835066,0.8567983692675891,143721,6,1,4
track_1662,101.920137268781,0.32896576453021786,0.5292064207157888,0.27904769177214384,0.31377354033059146,0.07406216540227802,-3.5445245148287565,0.8676080560502653,206336,10,0,3
track_1663,158.94863102769187,0.33437739445464265,0.5282160267765776,0.6651942560199371,0.30558619375093077,0.028327144910848378,-12.229496270341006,0.184205136698171,247689,0,0,4
track_1664,140.74168920874243,0.22307512788053818,0.4693305448039903,0.4867468090309649,0.6315214233046007,0.12413649150155329,-17.368322084156663,0.18674450323005004,318140,4,0,4
track_1665,84.11363845260301,0.8870248555312955,0.7009311102373089,0.6811892294433504,0.32224528688000753,0.10891485497466312,-5.81409716192308,0.5538176309975685,364733,7,0,4
track_1666,111.71902285120343,0.434307793888164,0.3636414436278227,0.39560090145292476,0.2692572137642061,0.16907598565764753,-22.080353347167605,0.27332409876872255,265470,10,0,4
track_1667,105.05998069245261,0.186759190838027,0.733687481944515,0.6901237225685282,0.39251368624692456,0.3633016769518349,-18.836122061346263,0.7780890654244009,342829,10,0,4
track_1668,113.45867602182472,0.16041936314779398,0.6583416883763981,0.3088336492194001,0.12612950233766115,0.28946500764563177,-13.532008893642638,0.9125406897240862,241081,7,0,4
track_1669,84.03958692045511,0.6317623117037334,0.6264174699121979,0.40922685297459405,0.09279551022685323,0.17925661834274154,-20.142691099916878,0.7178843154876389,302987,3,1,4
track_1670,102.32038791897797,0.3077521559335139,0.6481606090959158,0.44340892335004317,0.07329087006567193,0.1659289222590832,-10.759019740566764,0.48019476707360165,135408,2,1,3
track_1671,57.05842874169859,0.7648187371823636,0.9407591007707486,0.3945463569358638,0.07399274410908967,0.08763128394980431,-16.591467420743058,0.118446261930988,199606,7,0,4
track_1672,109.05370355604246,0.3086179422109427,0.7869970623985915,0.5508198227992428,0.5257187981610733,0.12285168901877146,-7.653093733757643,0.6509911467882632,255990,1,0,4
track_1673,118.50062020265496,0.4081541594784755,0.2125282984350715,0.5761710991826352,0.058111470850874196,0.07416364423786348,-11.067560154467861,0.42411747912097014,392656,6,0,4
track_1674,98.17741762068349,0.5104097518799522,0.6602195800891294,0.30088608419219787,0.04280227482259533,0.048823885527665624,-2.632195619622781,0.23305356943935676,137498,5,0,4
track_1675,56.548473282456364,0.3509741537474668,0.763257182745856,0.8241524928630253,0.23531742576241674,0.12106593147746812,-24.589230899432422,0.7036479300771529,136555,6,0,4
track_1676,134.65595588554388,0.7115447197151028,0.2270880766613565,0.6115253837129297,0.16810463781632026,0.05351164205208748,-11.165663543222372,0.9812530694706325,415322,7,1,4
track_1677,115.93575113978407,0.738573280912154,0.0900504085067321,0.39423362920733745,0.48580313203038233,0.14152277995269266,-13.206560383923042,0.5777072053320773,211618,7,1,4
track_1678,83.2195470689707,0.8084296833647663,0.429065091478647,0.7534885377434096,0.06327201982185433,0.08433792517043026,-13.267679469942726,0.238982898577653,281199,0,0,4
track_1679,96.58198659485808,0.6131177124305263,0.47438686067825064,0.8576672717817188,0.20569215266062288,0.02,-16.502927498595767,0.633213443937485,284966,6,0,4
track_1680,59.979917916544835,0.6283751739174205,0.4313102804090774,0.1968129505574334,0.026671966336501783,0.27131561377245594,-12.040366716554296,0.48701847523121333,278616,3,0,4
track_1681,74.23769616666287,0.7694352170251418,0.6576731460259773,0.7317361749733272,0.543791547983538,0.1401138048944388,-25.82568615158674,0.8738299370109809,223744,7,1,4
track_1682,88.86565960928581,0.2815803880044013,0.4438928891877256,0.07334757025285772,0.27223395785033566,0.21292437127942845,-26.02572648763997,0.4019958111321909,312662,6,1,5
track_1683,141.85262436840452,0.9251159362543396,0.8996646901053611,0.36041026235632767,0.162256642368317,0.09297895781296246,-18.98892612525262,0.1838674071452449,362109,7,0,4
track_1684,85.81489827337573,0.4815654904641933,0.11802193476622917,0.42074347146025776,0.6332015477003271,0.092839867514438,-26.07003159773852,0.12919792194878868,360026,1,0,4
track_1685,124.20640977986277,0.8480780914847208,0.506365421399089,0.7049659574027879,0.24053503101606902,0.20013048167106925,-11.70053227092462,0.3677549418698523,309475,6,0,4
track_1686,88.8505139141526,0.20771466940494376,0.7673542482314681,0.1073449725757678,0.1325645608831983,0.2761053280753443,-20.008977590369014,0.3279911484020267,171239,8,1,5
track_1687,112.43842682555625,0.6386690391396366,0.8942379210166809,0.37624352875570777,0.18508330606450593,0.02,-14.482536633171202,0.8174837374779472,203328,2,1,4
track_1688,100.75813493568593,0.786240242000702,0.456153080282593,0.7382541404775906,0.10698346677785177,0.1769588387684413,-12.328370901548766,0.25645553063358734,340106,8,0,4
track_1689,131.1916980027823,0.4387824040179038,0.4908003154850775,0.41359616953888834,0.04178277614634956,0.22404347441376546,-15.051918662317687,0.9417852354302668,264886,10,0,4
track_1690,88.95565985344327,0.18185500778043767,0.4180933054705199,0.09267048121380142,0.23823860074515235,0.02,-10.141988112420679,0.22371207319938044,351274,10,0,5
track_1691,57.824152499926775,0.12329355332807189,0.8328935414306006,0.3685279584893881,0.05689263792159232,0.02,-16.968571094970745,0.7771211118348516,186317,2,0,4
track_1692,63.54152905909102,0.259097434763147,0.4984280856786232,0.6951907872862637,0.11370156615806554,0.4185724740920896,-14.523511159991049,0.09561274237983154,256115,4,1,4
track_1693,89.04367518171728,0.614011921225635,0.339682017714374,0.4017880677777092,0.008013082526596283,0.1881748205391394,-17.206851140261264,0.6762300018675291,225743,1,1,4
track_1694,67.52820087965841,0.8831551782154271,0.49538388391615235,0.39953647076053267,0.478960710362565,0.16730284056957653,-8.53963268287349,0.381472426098956,344006,2,1,4
track_1695,117.30636047038654,0.2673413577737297,0.9107602621259785,0.6113724761931878,0.2713264493973892,0.055361801159588865,-22.181467761077432,0.16037804530434285,350668,8,0,4
track_1696,91.02695505425767,0.08067154631632495,0.6641925139789312,0.7330445898528494,0.4744733497596848,0.03364513920292638,-11.908197148946169,0.8759014323294613,220058,10,1,3
track_1697,176.23819650079295,0.44251002097594483,0.3685896445581046,0.23659533080214112,0.1933798229935616,0.025155201485851784,-4.945362789604211,0.28074486384187775,238163,1,1,4
track_1698,52.86856214588604,0.31198266907821864,0.5748685688539545,0.2712034612610942,0.7421953730177303,0.14879459976291434,-11.3182618984015,0.6769892601376128,199592,7,0,4
track_1699,111.10899536129403,0.2027035173833105,0.3249206555392089,0.18644370330653817,0.1965627387318809,0.02,-17.75250758786554,0.697008634035058,297667,2,1,4
track_1700,71.16140929482992,0.22877743347561483,0.6330339929625313,0.5131286213369485,0.30829937969613724,0.12197003029574253,-12.152151414768074,0.4114907025967272,164906,4,0,5
track_1701,90.19795978851964,0.8324911165108847,0.8839754062138786,0.27104844517582044,0.10253457209629173,0.13131922670823332,-18.09380416727685,0.4547143463709902,297707,10,0,4
track_1702,109.24258420021633,0.2200627431074972,0.6551798461150524,0.04664509097859363,0.5249812944655353,0.023913293884348548,-7.6325802030131555,0.4093844964231167,131599,8,1,4
track_1703,40.0,0.8601486340972495,0.3555772347472931,0.05121610955280468,0.35097120196869447,0.28216947136634346,-11.428037848920583,0.2757818448237226,365669,5,1,4
track_1704,112.10478350364082,0.4219939694274034,0.8265257721051545,0.7388428682289825,0.11736736186654503,0.3337716741375327,-13.173898040101369,0.4760517375349446,277738,7,0,4
track_1705,162.08722386822504,0.6279269488293447,0.6455802735037076,0.3853978499854391,0.09773208911344196,0.34157933267964025,-5.698113221830782,0.1866993926856628,213181,7,0,4
track_1706,91.39685104894221,0.3261964896197666,0.5231678713916367,0.2224906637992263,0.2293005600224292,0.05036197424623919,-13.733761944292795,0.6330786954624731,388113,6,1,4
track_1707,112.79423570416529,0.7048380877770676,0.5778434032003615,0.36512276125477977,0.41971901606478645,0.4077230382584718,-22.92354963259973,0.7011597135164586,177784,4,1,4
track_1708,135.74765079376198,0.2811941020724012,0.028210313100488122,0.5452985100684112,0.4227337521200273,0.4185242988375051,-13.795542571410886,0.5258457992600059,276852,5,1,4
track_1709,100.08139499919011,0.5286108958300056,0.8077939712220197,0.2953125508906016,0.1853408839163731,0.030071484031647607,-15.836156515808142,0.6211991224268641,409430,7,1,4
track_1710,87.5711943440555,0.2611053276464055,0.32013871709282765,0.5925541552749016,0.16245579913189517,0.5762088405880411,-14.33230448557635,0.6460545517886022,263425,2,0,5
track_1711,40.0,0.4194860767721535,0.785725020213807,0.5404525206669794,0.07205667172986965,0.5948301637962141,-11.187419311101188,0.15801948393439536,249245,10,0,4
track_1712,124.22972158184919,0.5021161085776072,0.8541825472958618,0.48397501420086075,0.1175536976575607,0.12951778227862223,-9.975032925925067,0.30900290761249666,339374,8,0,4
track_1713,101.60494770813308,0.8156578886227212,0.5812574358727518,0.34458415677555443,0.08229107316782212,0.07728373816419709,-20.67673855649175,0.6915208167079272,134040,6,1,3
track_1714,74.61948445835515,0.4797905469412497,0.508303809704122,0.2552020828273328,0.02402180582685633,0.15301810906580968,-14.054905428252692,0.7836243901142383,153815,2,1,4
track_1715,108.79790130833081,0.6682475809810071,0.3410305431073515,0.29997092608271336,0.5275121701173316,0.10089637936398718,-15.354803273275994,0.6406390116160025,365593,7,1,4
track_1716,87.48958929581457,0.6270549171781694,0.3526872770192242,0.47963440557772447,0.07446716624951856,0.329372316129794,-12.89258858632644,0.6748150572506098,128472,5,1,4
track_1717,89.14721606653423,0.32667303065446723,0.40449195614722533,0.8440914630845326,0.5276296565511339,0.02,-11.663117366063773,0.544959878282191,130026,0,1,4
track_1718,123.18873468326125,0.5822694027258274,0.44021587724104894,0.5381523851759628,0.10116649432400045,0.34936381131118144,-14.57660572678341,0.26589758535023705,153809,5,0,4
track_1719,64.84852766028467,0.5585853622298826,0.43378310840447637,0.3888641450892599,0.10990467316853568,0.12039649463503296,-21.47942620539083,0.16270788219514823,305839,2,0,4
track_1720,136.41945858221277,0.7240998019802565,0.36122976514465643,0.581142780367639,0.15991081661922096,0.02,-14.722600764271316,0.6697253926225238,207226,8,0,4
track_1721,63.06941510644789,0.3779070889765013,0.27302004979244704,0.49653650093332496,0.014996378709629199,0.32933736393413793,-7.171729825196117,0.4309240632742594,240004,7,0,4
track_1722,85.11895774934209,0.40544225055813987,0.2815304353633937,0.18550935391562298,0.13960384602300027,0.043105812752063564,-20.850145807970467,0.2586578292766885,183044,3,1,4
track_1723,162.68838582199731,0.7576790572763494,0.22975305409336302,0.23902987272854231,0.024082163617599132,0.21968904788147509,-5.997823254354799,0.6946295576977445,366254,0,0,4
track_1724,138.82064284927267,0.8257748615152873,0.776878760502568,0.05783903846441583,0.43221835325944724,0.02,-24.304385677917814,0.551916315719166,226416,5,0,4
track_1725,107.9281197748632,0.2660790682038074,0.5076457534815784,0.6092673279166154,0.11889665492774079,0.14114800827933532,-12.973387166640972,0.9424405415998113,402037,6,1,4
track_1726,76.7840935349635,0.5708762204809895,0.31942713448164156,0.27964622812299045,0.04268390023435942,0.5659216496607142,-17.86737938411939,0.7560729180813538,156314,7,1,4
track_1727,89.1218307990032,0.8967526481981024,0.72313561239305,0.37371683066854455,0.4174271927877808,0.069143309606831,-14.307021093074821,0.2574298290808327,145327,9,1,4
track_1728,107.1982594375709,0.8259375536871668,0.7852344715653136,0.2722389636150982,0.28000528371204536,0.12800544101809969,-9.812978142835203,0.7707621114372145,166522,2,0,3
track_1729,106.12569697018796,0.6106377809098565,0.633901987526979,0.34714879997082027,0.36342471108433216,0.1300937907758009,-8.559963810016281,0.32447965743769996,173378,11,0,4
track_1730,102.27387211122111,0.46562295175406776,0.5918592167529125,0.41576127460874396,0.2779679865019719,0.18850382429169807,-6.508860392107621,0.24149686583408478,183256,3,1,4
track_1731,104.07502457747447,0.5392407950920831,0.8789711532419241,0.4472955811697892,0.049553123971464504,0.1816970576549079,-23.49565735151947,0.5840574289974895,332810,8,0,4
track_1732,98.56874670884658,0.07628128183742947,0.6362362008001823,0.34503395364944084,0.3754936256998788,0.06930193610599676,-19.474248682071924,0.5549261907435693,237623,0,0,4
track_1733,61.740637930799615,0.2973533058435243,0.3406559998671847,0.42289086484444816,0.5334367243658198,0.16454778642361176,-17.64621020670255,0.4152284630754792,314184,11,1,4
track_1734,89.50467773517502,0.7752008067695151,0.2572731098124613,0.22022440266088703,0.45301909513737576,0.43791264297290133,-18.732011137466436,0.843701074818401,331969,9,1,4
track_1735,132.4387216196054,0.3381745571786565,0.7838767541732532,0.07953436684576873,0.17887438364515576,0.062999355706504,-11.663663372816801,0.510558866201543,132611,10,0,3
track_1736,63.94997107346648,0.43920537604920495,0.7382562566610115,0.4170445140271457,0.20711590049974193,0.04667989127964276,-9.446742451304578,0.43153335359917977,334133,7,1,4
track_1737,99.31333465382164,0.35957875226337277,0.7419268495635811,0.2911933080292013,0.3251944515317316,0.027099896324045903,-25.362918958729594,0.15407609849788406,215659,5,0,4
track_1738,80.40738213687467,0.21474304594900376,0.47358003393288967,0.21476747907682228,0.4596840930817074,0.02,-20.77675790183818,0.4766127644147998,262347,10,0,4
track_1739,108.34051288194334,0.29402123155023907,0.38574619814999495,0.3055870620536677,0.09015730254510106,0.4629617522023522,-15.229904707187144,0.20450581082751962,238850,8,0,4
track_1740,93.34100456799545,0.5474673119995144,0.8862832833242882,0.19839921448309228,0.3802693488394559,0.12220378752344413,-14.28778259831926,0.6076027675953757,163790,0,1,3
track_1741,149.32180994924008,0.5907963701116394,0.12636331049822888,0.4297027903987931,0.6028889844120049,0.2517838344961923,-4.7509897639486205,0.5951933545836356,180197,4,0,4
track_1742,120.19749462570762,0.30286026848442005,0.1746872599894865,0.5281166907201863,0.30532652525711274,0.14469605556708084,-21.63597791938181,0.39482289343016763,346093,1,0,4
track_1743,65.64590502668366,0.3219186061661582,0.24958341766074385,0.6245296405954445,0.2016372532650593,0.2370371362780064,-17.51742999179791,0.18174794909263528,296012,1,0,4
track_1744,125.13684034841096,0.2610227670818135,0.2836894300836172,0.5610297755300112,0.09722345803620454,0.21043353881529672,-6.429507906465297,0.158452927004121,349294,6,0,4
track_1745,81.7604443121381,0.2744258893073143,0.2825907863568003,0.3223954264011449,0.185208779893072,0.2591596924454441,-17.350782090723513,0.6186855638246985,232537,2,0,4
track_1746,87.690108858674,0.3660180015682774,0.49895835217928736,0.34589231377864454,0.5564591468053467,0.08442873162977954,-9.906862806852862,0.3912007689759048,352605,3,1,4
track_1747,114.41457060321366,0.6557245799763384,0.6905965997049577,0.20635634603149047,0.09389674639639083,0.23901283914076177,-17.094086834433373,0.23016209242543004,162843,7,0,4
track_1748,90.24757740809596,0.5355412678842189,0.5950716844865196,0.341180124038495,0.3522808519039107,0.04279225578145921,-15.862204493383532,0.6503318240886421,243984,0,0,4
track_1749,131.78567448968866,0.39999216188420933,0.14737816427041883,0.43621380687941197,0.17914079795350996,0.041019185991533105,-10.871667256773772,0.24434153178422782,391876,5,0,4
track_1750,81.76469815459814,0.5080385517519898,0.5418455317373793,0.5608323354566197,0.24976144612634177,0.02,-15.932679340864965,0.46731295800973577,242384,6,1,3
track_1751,86.4316034222591,0.7017750866860683,0.2302646477265347,0.30530179332013424,0.06691040734576055,0.02,-18.750563820144883,0.33727547894686094,212532,6,1,4
track_1752,85.30887319355674,0.5481827301237971,0.2633047809975458,0.6276713643679499,0.08443741573060073,0.11598023299316977,-10.083921616087256,0.19370814446263146,153405,8,0,4
track_1753,88.03083754934883,0.6986639521199279,0.7644629703097059,0.17525377612481444,0.1508064599296899,0.407959695649024,-19.71143699905806,0.8366611556188615,129698,4,1,4
track_1754,137.9757466664344,0.308247185740595,0.6144671782598337,0.5496504077941639,0.23265777684774416,0.24949276906691392,-9.77133776361003,0.198619840975831,220819,11,0,4
track_1755,123.8638888083091,0.8780794447929287,0.894891747172153,0.32760227911221773,0.08634997372810711,0.08671664460599013,-16.41124212645931,0.430491186290286,363463,3,0,4
track_1756,156.29831862036212,0.5477213691331239,0.4071520835536701,0.48725456680042867,0.4449674028120163,0.2433753486333097,-19.790681892697258,0.32095976382192387,221535,0,0,4
track_1757,173.02932611697764,0.8333132807949961,0.09855616167541213,0.13518227459953241,0.4223621838742879,0.0813451755622766,-9.238091527618783,0.4018576133372612,366821,1,0,4
track_1758,74.07848904202982,0.27179603590301327,0.18557634534861786,0.6420713975127894,0.3795293188746969,0.09434334806634556,-16.949552921664814,0.23274128921041834,413142,0,1,4
track_1759,107.11257381981866,0.7836418438079706,0.837036919530102,0.747882146197903,0.2946539152945701,0.021703120532644306,-15.483521260056037,0.09550410788532465,416251,2,0,4
track_1760,69.71399050069701,0.6086428559930008,0.6859357664378913,0.5576503343453271,0.17913001676541374,0.039599707276718236,-26.196413455236396,0.6699038732296216,154596,0,0,4
track_1761,81.671822167552,0.7010378332590301,0.6429885200386791,0.5256808816491012,0.24689306834085686,0.038307384199786014,-21.343492497062638,0.20144665238852127,166935,5,0,4
track_1762,86.09752469232991,0.34494734066220284,0.8355601401180699,0.15079675914304555,0.2124916894173,0.3097909121098499,-7.3669084688269795,0.654436052243694,214192,10,1,4
track_1763,73.28535377585177,0.4319117805263606,0.6063237986874768,0.6407743558301611,0.14879600382255667,0.17979960819240912,-13.16917642520307,0.5244794046475278,374437,1,1,4
track_1764,73.4433818130476,0.21744319620153396,0.460685530533245,0.12265247474204756,0.2456969313025864,0.02,-7.41529111635179,0.5641980135620274,301978,8,0,4
track_1765,100.67146864439235,0.3346705239953093,0.4693212913908192,0.22510517952804907,0.3028184101955593,0.2631261770668688,-14.874319656558978,0.5022329621609861,253304,7,1,4
track_1766,68.49844744840779,0.4042851697070781,0.17465735115605352,0.4425984918527453,0.25393870508799365,0.18047908903926804,-13.832889396715334,0.33853009674807133,335853,10,0,4
track_1767,130.263808774129,0.5130240500489055,0.8652799264162051,0.4984878391583705,0.38175829284665247,0.05233060741104234,-4.306823365098545,0.38143469372662075,212449,6,1,4
track_1768,77.46739387747458,0.5795459443351499,0.2778656897155716,0.6758502309198395,0.15258788029025797,0.17511355244574284,-11.732647183015972,0.812217985306305,290208,5,0,4
track_1769,189.28706910289176,0.5073478776573875,0.03900291381477873,0.28319831569736414,0.32101716299267596,0.4019290859419359,-4.410592683606065,0.5412752453994606,202869,3,1,3
track_1770,91.45846647106815,0.5155048346415778,0.4498535419467169,0.13815814196542547,0.19690791358251017,0.1073415367535545,-17.01760922116465,0.7898716368846923,302878,1,1,4
track_1771,107.16052925751157,0.24855099015533544,0.5271408972520998,0.2957131794974276,0.07588960428827038,0.13699106496975239,-15.773369506648852,0.2666273522831807,136446,8,0,4
track_1772,66.13976446601895,0.09240589052241868,0.5624731250264425,0.40431963139867155,0.036647107548992475,0.155864246666502,-18.885733699591583,0.6375998347443514,166295,6,0,4
track_1773,156.18275274382918,0.457413266411216,0.9363763217498886,0.15687418982967163,0.7357990025918612,0.2807350645412838,-10.951420114289672,0.7196139148560657,194637,2,1,4
track_1774,138.58502042408747,0.09013682784213527,0.6653462829250679,0.5847366137689379,0.4580531430470451,0.08647872440148685,-19.668767443485542,0.20885257497965276,193969,6,0,4
track_1775,113.90747612208338,0.4421592291711451,0.7229148046156294,0.23061258685239153,0.0869812175575489,0.0771629922353543,-4.129880319559479,0.4003625465174811,311430,0,0,4
track_1776,64.59592353661303,0.8146384509118835,0.8584940319918002,0.5585540354719268,0.58512948215595,0.10190056522571007,-24.029623763061633,0.7536843856124206,141573,4,0,4
track_1777,111.32000633173861,0.6088397621352379,0.4221787360400643,0.8709259751138547,0.17063207973215552,0.42750122010871605,-14.273072488711463,0.5261020536046684,128757,9,1,4
track_1778,71.35706861948235,0.5215555036991434,0.7520720562193522,0.5063590233162567,0.0666611706962558,0.02,-17.735524093054735,0.3773901508283547,299772,8,1,3
track_1779,148.8706579042008,0.5617400536341329,0.3103006578386811,0.5712283378916849,0.2995777507714512,0.2295127854137526,-12.688863568841086,0.7944995933151818,204151,7,1,4
track_1780,129.27584195559518,0.30205092043655557,0.28855622246588464,0.2400583397271559,0.09482083586352716,0.08198134330478682,-18.79456282825242,0.15520205435785667,184902,9,0,4
track_1781,107.86317115463208,0.7903548038098518,0.6177659544022083,0.38714375052307054,0.05029883717654213,0.05496031790622248,-12.902931928424485,0.7563968083297219,131728,1,0,4
track_1782,40.0,0.8886391554804347,0.499674734567883,0.3640509383137367,0.33182781774926673,0.05840785594848496,-11.802232645810273,0.5612248639917834,369260,2,0,4
track_1783,75.49752064022908,0.33799832195385415,0.8587740306736273,0.8175382115467166,0.0637563171518026,0.06018055288485467,-10.933790071753686,0.5362926641416279,263102,5,1,4
track_1784,125.63283394799618,0.5695001726971015,0.363014180901341,0.4892110048151377,0.6882326171192528,0.02,-3.6315290784217336,0.5882574634629522,221515,7,0,4
track_1785,141.3865107516947,0.4363584119107311,0.36275715815338266,0.2872941970642069,0.4289029613941548,0.15872468942318566,-14.51731341445155,0.9306668053643605,391500,2,1,4
track_1786,138.27509434476394,0.5451685775693165,0.44186475730285274,0.11637219643509243,0.056729567071817484,0.1669048679520483,-15.88586690550361,0.4187934940552752,328168,9,1,4
track_1787,57.23960993275634,0.18058961233562748,0.09202704933119425,0.6264406612298492,0.1944260127574793,0.02,-15.348199092918165,0.4462759347146161,316429,5,1,5
track_1788,114.04656920438713,0.06126868745278087,0.1481255540830676,0.32284769714883454,0.15192528824680446,0.02490665010897066,-22.91742514703651,0.8145029774742012,195560,11,0,4
track_1789,135.46545649448788,0.6661259553546436,0.5020023862272659,0.4723062392937854,0.24558124728077785,0.02,-8.434094133331449,0.359090571916022,155350,1,0,4
track_1790,55.249933032532645,0.34934144656920546,0.8844740042535203,0.7436734723322226,0.4100417173815879,0.03884170559882798,-20.06280968101489,0.42138859408477775,396953,2,1,4
track_1791,104.76286453880292,0.41119138655313964,0.22461634297008462,0.3359077021334312,0.21832748270055263,0.1457830572600988,-7.8504170680479275,0.5796481967088752,350374,11,1,4
track_1792,113.21527194925369,0.1555723806689867,0.5598372545293469,0.497699782579061,0.6915847615035328,0.17195104207988768,-19.479766668172868,0.880447248450063,246152,1,0,4
track_1793,95.97706245459796,0.8516636381388355,0.8516021518567435,0.5412715833400398,0.001481173596118544,0.02718172902696181,-24.176853358269632,0.4667952760943436,289722,5,1,4
track_1794,49.435144337963955,0.5794183135374299,0.2857152189467216,0.1291773962755505,0.03971439792752562,0.09988681203066589,-28.63309323517013,0.2019619936775329,251328,7,0,4
track_1795,95.22905669778814,0.8185108048902866,0.2996358059798356,0.1115200750703514,0.1413480980339053,0.050028490376321566,-8.90090778419643,0.3214511650181561,266152,0,0,4
track_1796,95.18083709234928,0.37314637649949384,0.7714792071616094,0.1928356554936453,0.026114356795288944,0.33096928804340026,-6.446262827041219,0.67535253574229,196308,6,0,4
track_1797,100.55782786356737,0.37377379733582733,0.5203391212698338,0.4111102532773554,0.33849992922077105,0.06286316417561391,-11.915170658094791,0.5527678354200403,402264,9,1,4
track_1798,88.09585723724791,0.17111436352914824,0.24120645585672648,0.30056201288260803,0.06115718837181155,0.02,-20.35021627377275,0.42436264290064235,310200,8,0,4
track_1799,91.70963540275598,0.7889522647065722,0.4852300360002013,0.09598139379696985,0.24749926253556237,0.2735818410953057,-21.217148566524614,0.2762651233337316,133023,11,1,4
track_1800,103.80881152959066,0.2634850521572386,0.610697197106363,0.4972904868642596,0.14518742681345656,0.44695786251766284,-16.913242948272742,0.35129145153464497,120578,3,0,4
track_1801,118.27363814909134,0.42197302718987617,0.8561724358985462,0.4219743327506583,0.9008218643352975,0.1688440697728105,-8.692802292068333,0.11592473219886124,140664,8,0,4
track_1802,95.86719711429998,0.42050370514129376,0.5008129980341155,0.49063605508198466,0.10573266400327727,0.15988621679553813,-15.81749533881809,0.45910322870326814,318521,9,1,4
track_1803,92.71053214895994,0.40618675711509605,0.23572213104445225,0.5092536977907355,0.46546440722578375,0.268892130164736,-23.0035492061429,0.24827224213209867,349593,0,1,4
track_1804,107.77062114763375,0.2944322817142565,0.5538861875230039,0.14699125140229277,0.4721344288514791,0.024497269893692164,-19.502019983442167,0.6015103864286011,215540,2,1,4
track_1805,47.37252222314455,0.5097349073537647,0.8604557062385996,0.2527878815902133,0.14781047208954634,0.09355273679188178,-12.986692124763639,0.8813697453713637,372243,11,0,4
track_1806,119.31105381679374,0.7263559711845043,0.7205252858690793,0.36904122935481065,0.26550422610149427,0.146745066939244,-6.899874583899855,0.6514779493783424,233186,7,0,4
track_1807,104.98310708631124,0.7161489821733815,0.6340798124733114,0.4309328906608235,0.17139452928507876,0.16722915005077998,-10.343815797659765,0.7547159997674641,301653,5,1,4
track_1808,106.19080579792686,0.6962146443464743,0.11783004615381364,0.424958532841289,0.11455093369713361,0.3277117870166628,-19.231881581000877,0.14088923253826227,256754,11,0,4
track_1809,133.82202922783392,0.018303221818881357,0.36669827592847837,0.13987582917179267,0.27696580959121675,0.05139530097363528,-14.321806616033127,0.630520165522941,209632,10,1,4
track_1810,46.415534098552556,0.6381248184190378,0.28820305605598767,0.5027968595555459,0.12334133602253602,0.3077517446041271,-8.04350384300187,0.36953290071904776,285541,11,0,4
track_1811,45.78498390423109,0.08412328225943158,0.5320257852166048,0.19133224116950592,0.384125504457471,0.02,-14.440312553418277,0.1423625854924877,246542,4,1,4
track_1812,113.21411535970559,0.2547043092841078,0.7924454139612107,0.4784113922956571,0.4783785962263533,0.1905578508453463,-23.790244740865685,0.7108897357799709,378269,1,0,4
track_1813,104.78649434614452,0.4879444533678427,0.6623960471052991,0.37107884821792764,0.18117859739291425,0.07764487183854676,-18.24436961573545,0.5761045675244728,330376,1,0,4
track_1814,110.10530829575796,0.5083969489352014,0.6864416274496262,0.15958847832516374,0.6908000356304708,0.045954545423783695,-33.56422743121345,0.710483265264721,199553,6,1,4
track_1815,91.13618774482663,0.7005632344521077,0.741142273349566,0.18297392354628883,0.29010269140378614,0.463107684867024,-12.28694455907793,0.18428538400600059,368886,4,0,4
track_1816,124.93061022719793,0.5399109446501321,0.865089396334784,0.506010995609341,0.2609771149606468,0.16818543551381943,-6.231439116886767,0.793168877692293,132995,6,1,4
track_1817,132.9791652897336,0.4671475351198345,0.26136564998848183,0.6035399645055579,0.49958670565134233,0.33885822893565953,-5.246714325005106,0.9116554833151869,404747,11,1,4
track_1818,119.51946881854582,0.7653644933982278,0.34414199575251714,0.33105979501891336,0.2865741706528263,0.04253714276835495,-14.493946678322613,0.32245743467830795,372040,3,0,4
track_1819,97.1751462478625,0.6421108147167942,0.5546361292333182,0.39699229566288124,0.5441445178222445,0.1184907229653116,-19.420625263997525,0.6339151295364166,392146,0,1,4
track_1820,41.76931837156791,0.45818178533157183,0.37290212071674894,0.22193299606965655,0.42673297825709716,0.40050561670596974,-15.399066280697294,0.3149692206580692,387876,1,0,4
track_1821,128.07708624111385,0.24190979268903154,0.5680954986271552,0.4636084315071491,0.2941684474037027,0.263318741068411,-13.221916958531658,0.5466105584207256,346893,6,0,4
track_1822,141.65185998652777,0.9007327271035237,0.5138237930265869,0.8698362385420447,0.09804818789029962,0.3240584578395127,-6.634556933270181,0.34825767113721773,245825,6,0,4
track_1823,124.33675235951941,0.11892250699301596,0.46758068083455956,0.5011273066284325,0.15692529095398333,0.11645236944868856,-11.899542888239552,0.18759228567728858,366929,9,1,4
track_1824,78.6107271789748,0.8418994228323137,0.2736270778654941,0.6282371967271733,0.022489777969439195,0.20237570972252247,-24.15342619588186,0.7704427866861001,156971,10,1,4
track_1825,125.21383181003273,0.3899562181970371,0.15744748342638018,0.16284109070314196,0.020414725676503546,0.1731415808978383,-9.260256291081301,0.3102167693921753,293700,2,0,4
track_1826,130.81589123884336,0.4636717463215686,0.3203578327667423,0.41569472503152977,0.5508994551601497,0.02,-25.546272400043776,0.6360726555210882,373613,11,0,4
track_1827,151.76448743397256,0.38783571246309567,0.3085396081739518,0.18557187911641385,0.36447416818376366,0.10780319634351766,-12.9236182090023,0.029356053368420454,418756,4,1,4
track_1828,78.71670227316127,0.5138097228010842,0.35502801597995,0.11681347976321649,0.10593668821528729,0.02,-3.9954463782213665,0.5398292490108949,225769,0,1,3
track_1829,98.20636246367584,0.31374136453150314,0.4371101611691516,0.2162371793932689,0.0989334024240152,0.05307687922332513,-23.83963213841529,0.16351166247241333,158460,10,0,4
track_1830,127.41816153430366,0.4279017262624676,0.430225927668719,0.7096380990609652,0.5017081601859853,0.18325965008907558,-14.806923583244277,0.8770078343030294,198404,8,0,4
track_1831,106.72230214314473,0.5295139538866965,0.22348468742361607,0.2754280555440807,0.4050059731930393,0.02525252170559474,-14.466864732461067,0.9438944396788534,215968,3,1,4
track_1832,71.48017193846175,0.5901051965930381,0.39513605773159277,0.2711957381719808,0.2643052767397826,0.02985440225682771,-14.041699526482798,0.12415919059059512,146163,6,1,4
track_1833,117.43848855080108,0.2949165572248451,0.5711974673342359,0.3412077636805154,0.16500936891676238,0.34427118917676436,-9.131244430935457,0.2864027618492784,348340,6,1,4
track_1834,122.359849014455,0.7103156775575364,0.41048190404056956,0.3911191000030104,0.015947816606967577,0.46790503215531276,-18.123126511843562,0.38803996584302497,265153,5,1,3
track_1835,107.63888688993006,0.6743371687695502,0.49436510796596417,0.3044917258432614,0.04770108616641981,0.029256334072850974,-10.013534626184299,0.1838739437785645,199435,10,0,4
track_1836,111.58754781539832,0.3927497230210427,0.7193178800011354,0.3762811192823107,0.319458544813411,0.04428701883058503,-15.663912522340109,0.6687046423523078,213132,5,1,4
track_1837,97.2388229494281,0.39787012044935277,0.7938727755260241,0.2969072006050149,0.09418560002183975,0.12141949682249847,-13.28844083898535,0.7485463679084544,153102,6,1,3
track_1838,149.3483680714818,0.6257933562011788,0.5685004479982662,0.46620055561904156,0.12738496684805256,0.0985904691158181,-22.461587440619184,0.6233917390434326,212468,4,0,4
track_1839,77.97923448861971,0.5742188072345311,0.6767295198656949,0.14611274246374206,0.5742988199479828,0.02,-7.613100751214711,0.6210032098344881,325202,6,1,4
track_1840,87.38037711708664,0.36503643341854886,0.3059127932594953,0.09344677011780615,0.6910844757797561,0.47082348416735814,-13.0722567609091,0.7644102051577225,205702,3,1,4
track_1841,105.32956540582578,0.06188225037021634,0.7418672151397382,0.5107981055699534,0.08022930202087193,0.02513895221622034,-10.488908880347552,0.4888032679182291,145182,4,0,4
track_1842,131.3686208310268,0.4535644173381764,0.28940046314386597,0.22006760030178965,0.11013599193775359,0.5107182748469051,-7.28795952509509,0.8762270603268016,121575,2,1,4
track_1843,60.0788048971639,0.33313679993270606,0.15408931573045145,0.14687147136907894,0.6192313768134018,0.2768711472795237,-15.730613753625477,0.32600769116560896,273679,8,1,4
track_1844,65.69109750703683,0.6055400480894975,0.084236674069459,0.10830506567628256,0.4416569392612253,0.0950106328084021,-15.524846954669703,0.08936064251250125,128976,8,0,3
track_1845,43.86814476795847,0.7313275681630831,0.12491828555356871,0.4496454423229758,0.4843956094544896,0.056523275237279035,-24.735971437988393,0.3564388895033232,160356,11,1,4
track_1846,105.98085675759812,0.8490968514283631,0.5868809519165362,0.366301889532748,0.09897697187880412,0.14269093154716053,-12.965802629817142,0.46269724798032547,222176,5,0,3
track_1847,71.45082548380368,0.1873389305821156,0.012610979178194247,0.22228280271663606,0.05292528282792776,0.02,-5.794970752558433,0.38419633949664767,304444,3,0,4
track_1848,93.4634966994625,0.4663748222289766,0.4138540624741759,0.385029533139617,0.648352189088422,0.1687924276968361,-14.351188423640412,0.6227061842775253,405049,7,1,4
track_1849,124.84134569675123,0.20992717721985665,0.601944171008086,0.735266946084213,0.39629994820649,0.10660505770995506,-18.994108656519895,0.7470083884729477,134360,4,1,4
track_1850,85.7537183765146,0.3802005479295227,0.76056887083062,0.2317104689191954,0.4842305305257961,0.05718109465162348,-8.692662696743056,0.6016538975798037,165446,3,0,4
track_1851,111.93846068230094,0.8921836227248507,0.16112931552617282,0.1285757379853616,0.6742694131574137,0.2353108610771566,-22.62333278094885,0.38714573749525516,158627,2,1,4
track_1852,96.01986276744834,0.7765041138619768,0.9023227978991923,0.4561424655956168,0.4540436770735093,0.14943131710619237,-17.667733751182826,0.8370352810615206,362079,1,0,4
track_1853,125.1634294528931,0.0940173347572815,0.38493596676585284,0.06131187608093227,0.32932789955050507,0.23869603059062486,-18.037939044099335,0.5011741740713999,346397,3,1,4
track_1854,119.25384202044026,0.7694138085157449,0.16827910915330538,0.33133926703306943,0.3034627603440805,0.17312526925337002,-8.668732022230643,0.7686350376761631,339709,9,0,4
track_1855,84.24198911476171,0.4175741750068171,0.49986991825158344,0.41589186703173053,0.0753361188821668,0.14784644008268336,-12.635092842479722,0.6083158294219175,177071,1,0,4
track_1856,99.94044739798642,0.6654141711554934,0.6197454275163842,0.3506326434765354,0.21998355010902507,0.10929519053969806,-17.538213883391926,0.7039398586535005,185605,11,1,4
track_1857,136.31230193161483,0.5761581664838181,0.3421046847152656,0.5226530774357111,0.5076202904233728,0.13507339606363802,-17.07149942579857,0.08327271628879114,294604,2,1,4
track_1858,116.8013061076229,0.22850148683239918,0.23717759195202825,0.3037487060332156,0.22028919862061852,0.33838183142474965,-12.975380677384406,0.5730011414694981,351950,5,0,4
track_1859,63.09113826746606,0.7312051184913976,0.3329729966128124,0.5207029837830388,0.1543267061887982,0.14859846811200894,-12.797497433676792,0.31639328193092525,277101,11,0,4
track_1860,124.66854183514148,0.6266617354411453,0.8498712775283013,0.3525223520900267,0.1466543143978124,0.1317764504918671,-13.10634859011205,0.1747720917865745,317707,0,0,4
track_1861,72.46168132691285,0.5181756631148948,0.48410397854993753,0.8627484754636834,0.07959722422153136,0.027803404268324915,-18.012705216175593,0.7814728825619321,265686,11,0,4
track_1862,147.3753920988302,0.43246128894088054,0.4308030498092435,0.7453025020272988,0.27005504897784066,0.18553535617467623,-7.543772467162674,0.3728558651652616,264176,11,1,4
track_1863,135.72296519523076,0.3573927071688592,0.6974992705611162,0.6310852356543599,0.25209631728951065,0.2825371290845182,-4.420462582590517,0.17849086520642105,273596,8,1,4
track_1864,113.69656427755203,0.5880745245995657,0.510839426019442,0.1854917769330021,0.15237199409251478,0.03832785305095897,-5.506214656229284,0.7317740190655118,392743,5,0,4
track_1865,109.7169853030858,0.21175757835381923,0.5364105227912923,0.6924146955861585,0.670759127782074,0.022837005049489014,-6.6656945596273065,0.08984190572901679,146674,5,1,4
track_1866,98.7290323191774,0.35578610087075796,0.5673539423840057,0.6232015898786197,0.1701974828396834,0.27386472132927064,0.0,0.7659180488647241,129841,7,0,4
track_1867,125.35571854200084,0.4919349196106835,0.43987655087348665,0.24334220574985063,0.3228998613250584,0.5018926955229746,-18.191595562543377,0.49723991690484576,319248,11,0,4
track_1868,93.87665491613815,0.31061788251068023,0.7071263157024742,0.14710282603358785,0.2935819859102114,0.43253661834844825,-17.81629805804206,0.11797191248293822,199473,0,0,4
track_1869,112.06709611919682,0.3462560573669339,0.5211062970793802,0.6098839359563899,0.0837481715021941,0.06558653728390754,-22.342588575810225,0.3074477205488406,199878,4,0,4
track_1870,131.15803099558354,0.6173112939008284,0.337440739499169,0.5683182246784756,0.6201463650232983,0.06599491649980146,-15.416877449764488,0.683449501003912,123285,2,1,4
track_1871,88.14580369423231,0.43935201995629264,0.48241833865935824,0.3936874765041438,0.015649166852283496,0.11748447747058888,-21.430082591256784,0.7245352149327645,356609,2,1,4
track_1872,86.51421780027917,0.5404719130945825,0.7021897743440229,0.34760864948738546,0.07167749867365043,0.1703342434301097,-6.053246178779544,0.3925814680484006,125479,5,0,3
track_1873,69.16903557826623,0.6994836359778211,0.3096527259712438,0.08214716476719416,0.5948712134985212,0.030739372946844305,-12.658849727814559,0.19884092770004738,253944,10,0,4
track_1874,73.06581761621483,0.3641295968177971,0.7537776811354371,0.44032645625650463,0.03255118088029788,0.02,-15.953065675625767,0.2543102474971005,238741,6,0,4
track_1875,50.14814065675493,0.1363797754802504,0.5194653765087494,0.24930834666666424,0.07657903039376149,0.2265521789790702,-20.511736128436848,0.5063299363323576,282933,0,0,4
track_1876,126.8948636704659,0.664539226392616,0.5262855361199046,0.4349091475750526,0.08899658350255807,0.04084769374955877,-21.647487698573784,0.6733106087951193,280659,3,1,4
track_1877,159.26743626248313,0.2389945981804608,0.5472208802086194,0.185349054876199,0.1097837885723536,0.10148292431650863,-17.106533508898558,0.6789035365306862,383811,8,1,4
track_1878,147.75986830410918,0.5719815091479387,0.788210155558966,0.8027468816534905,0.5386343606113532,0.04851425737199773,-4.242187116736861,0.6762922356596197,195267,10,0,4
track_1879,56.21746534120451,0.5683380080542776,0.5976601610761122,0.2889831904562739,0.0010043438350597971,0.29251941772972334,-7.096078460809963,0.26345041387773893,195509,1,1,4
track_1880,126.745640146686,0.8054813290806566,0.6772196908089739,0.13208254645900183,0.1755309152610074,0.2872357252297672,-9.424420317962458,0.271588583567758,330994,5,0,4
track_1881,147.6631904977067,0.6271844088252329,0.3761444912693329,0.46208683860833805,0.2541358549932469,0.12459620722100481,-27.025132049465768,0.9020377002158847,132620,6,1,4
track_1882,91.29570057784008,0.45860242414724206,0.42333107556213667,0.27209734995681056,0.10223919707379936,0.5560970563756541,-14.558427638074244,0.26146791451751583,177028,5,1,4
track_1883,108.04342291950148,0.4019851872498933,0.41680209312204947,0.7803839175573185,0.0748397575772794,0.17648823479897924,-15.458474923389666,0.5180344152874313,405397,9,1,3
track_1884,44.76320847585989,0.5744106178719746,0.6988957558053566,0.44984515444234974,0.5417915229018115,0.02,-18.162783667945167,0.8113059811577195,289952,0,0,4
track_1885,113.00208503929925,0.8062855210615893,0.7347240189218184,0.7265614494622761,0.41040198480325474,0.25842853096840157,-13.648845966788604,0.9020015048039259,199934,5,1,4
track_1886,73.09320811695848,0.8007056147318017,0.4254802407855996,0.3386054014715257,0.39389505471886926,0.02,-19.393964284968725,0.5193392660520658,240829,5,1,4
track_1887,110.98905053734543,0.9561123913070709,0.17684136166660486,0.3719552318723393,0.2964140301894511,0.6685269391309707,-17.212346489526524,0.3615023920412573,318567,1,0,4
track_1888,58.16391233433359,0.6053004352213163,0.591928156565317,0.2954258768690059,0.10279622122541983,0.02,-19.187067527484473,0.2134537151881515,193744,7,0,4
track_1889,121.28574673432787,0.1958716113662488,0.7303724600960473,0.8078841984357363,0.26221318371635893,0.13650615701488736,-17.812580543466165,0.39103383337070674,388926,5,1,4
track_1890,135.7353802628007,0.3691642328771207,0.9071490600940361,0.4549877267793884,0.0190300580197144,0.02,-33.779508462007456,0.7102230420579506,151457,1,1,4
track_1891,81.50460414854497,0.6304787173725511,0.48172104196771026,0.20168357831003844,0.19631256867360822,0.219552676257764,-13.536851196750137,0.8348570834720577,414127,5,0,3
track_1892,70.89232255768697,0.5958966831550478,0.6105772538255215,0.48632139045380646,0.5120954907107668,0.1555070365163446,-10.229060677304162,0.5437501076030857,381475,4,0,5
track_1893,40.31930872350057,0.1431037468446747,0.4253531363476894,0.42688299058165513,0.056608006553925984,0.10970434045303251,-18.807279615547685,0.3420362147960527,225026,7,0,4
track_1894,97.00759397774469,0.8197733570984753,0.4852676799682888,0.21705061750677193,0.5902533551960555,0.02,-7.2720054197233654,0.14744888829054775,126720,4,0,4
track_1895,87.55218197155185,0.4679528371207165,0.2561136430910079,0.6515653227208991,0.22127687751037467,0.12676624818734863,-19.205913466349642,0.1988449088145987,359708,2,1,4
track_1896,58.46941762955836,0.45568394185339095,0.3508392794452999,0.283157179071132,0.20417302700680745,0.07488964188325181,-21.317147928911986,0.25676637818839715,282537,9,0,4
track_1897,118.59056268936516,0.6535134747683595,0.2418039229019715,0.5426136665880315,0.3546018709303994,0.16240845665840178,-7.686458850462471,0.5600219453408829,285952,4,1,4
track_1898,91.50088854406053,0.5221828879428418,0.31960283943063716,0.4400703870347091,0.175972612471655,0.11492941470793351,-17.159398808573027,0.7103891568728459,350889,0,1,4
track_1899,72.72792124064303,0.4901018461778284,0.11669447228337936,0.21280316781724354,0.28597949862219807,0.02,-12.589795942635728,0.6991219846510843,305722,5,1,3
track_1900,88.36282783078659,0.18793144684458557,0.5776076882003622,0.4875657496463763,0.014844608191711501,0.19043754928854636,-22.769364720501134,0.336659021177798,332281,3,0,4
track_1901,137.13913616788847,0.6663065860167389,0.7236673075055485,0.7753759453537755,0.4249086735793977,0.032965105747484846,-14.945243794874454,0.6092092815359799,272744,2,1,4
track_1902,123.08810831265666,0.41943751714504496,0.7525138969014414,0.6117549671706024,0.11999322598041878,0.02,-15.927834290487452,0.5519999635004746,210096,0,0,4
track_1903,101.0992181550453,0.5275772285709016,0.5815812943377214,0.6138754346441159,0.1811444562773745,0.18788857601831088,-16.2725282434294,0.6892013655889253,402289,6,1,3
track_1904,123.57315055394558,0.42726425496032355,0.31692766129905586,0.2154533845288646,0.282981906824726,0.05670504734098938,-16.160817604098742,0.21675599026172612,171277,11,0,4
track_1905,70.17264130839783,0.2811318506028951,0.546181298571993,0.5381635887152105,0.04309968524672537,0.02,-12.88236330529851,0.7315669738874918,404383,3,1,4
track_1906,105.97110302181092,0.4444724107394223,0.34540119892598514,0.6915658073346609,0.7275395852003307,0.10076632464930545,-13.298307915724466,0.2308997729818117,265258,10,0,3
track_1907,109.41966991459412,0.8524285832067214,0.7715386218314946,0.2844695583229534,0.5236535417469123,0.13615018729240916,-10.897130761183849,0.5564744056991825,330059,11,1,4
track_1908,90.9049047450382,0.6437213056075057,0.8412798424472467,0.3236762377969983,0.1375524223150216,0.3733901752122134,-25.905492843483554,0.3581713628594614,123760,10,1,4
track_1909,118.06375007872253,0.585205560004625,0.14677888446870233,0.6308290524747119,0.26832938269927165,0.09019476227122494,-4.999411666038265,0.8657858277678514,307521,8,1,4
track_1910,81.58699636066646,0.6510377393907448,0.11817291807874525,0.33595602775290784,0.2899762693082482,0.09661989212228177,-15.315354136350209,0.5180539369548817,270814,11,0,4
track_1911,120.29462123328354,0.3985529050657589,0.4470554595306005,0.3467310832343317,0.19809665366031803,0.02,-17.122136565066814,0.6472689087746336,131448,6,1,4
track_1912,121.55576314593876,0.7940577115903122,0.8149055275259529,0.5431006834293036,0.16001260679277715,0.09885564443393562,-11.937939978944112,0.3721959456440731,282373,6,1,4
track_1913,40.0,0.6838725376013662,0.6575416412607044,0.5535927396421957,0.28830550823346923,0.02250747448853599,-15.090473719051374,0.18177646399156824,157938,7,1,4
track_1914,140.70917110530354,0.11865026208125674,0.6995420442048899,0.21572089584475296,0.5835203562359522,0.02,-13.300063709295522,0.9103555534552339,128502,5,0,4
track_1915,40.0,0.9374319256304695,0.5173400991105198,0.3982103468154756,0.09231695329018436,0.15531178260069947,-16.25153315995701,0.30110959585751623,247470,1,0,3
track_1916,86.51852923331624,0.5127648552565305,0.31569860823529744,0.3580952591427766,0.6435230725383325,0.07637625571567971,-10.568914419387477,0.7130193750542214,297073,7,1,4
track_1917,135.76044102773264,0.18554755058494735,0.6744174646745313,0.2980215501892722,0.049907192084150065,0.30256953540477516,-23.652094536979355,0.25661143553147703,122760,2,1,4
track_1918,95.48139824242678,0.04352295975095226,0.49096388433252064,0.4426648213592286,0.5020063709439114,0.26105345166730703,-12.565789680129615,0.11922766802268477,210320,6,1,4
track_1919,61.01442052591374,0.23552592620671156,0.10001173574823281,0.5050168727503824,0.3159021684157507,0.04140286666380668,-17.05724469816397,0.16231852448719694,158374,3,1,4
track_1920,72.18788814849988,0.553625631932565,0.580208038028127,0.23671828611982954,0.37501913924272345,0.02564245489308379,-24.907406120942102,0.23962646341980248,237393,11,0,4
track_1921,135.8071723896186,0.38158579708723805,0.11345290580961855,0.24049967525438426,0.06975176594086456,0.02,-7.372627690456377,0.8361123825181335,199302,5,0,4
track_1922,47.35486408354085,0.9350055734315064,0.5529879548005492,0.09644271403759144,0.1051300170875991,0.06780857606659288,-16.25995835365337,0.3617954690350149,411503,3,1,4
track_1923,138.8697330288605,0.7676951403183357,0.21574126753198122,0.7735910805519227,0.5145073958447721,0.022931346069108956,-7.918439279011627,0.7895198837603614,202619,11,1,4
track_1924,103.34693702873132,0.54747794065193,0.6438641247345013,0.7148176763230455,0.14307554585101448,0.3102348973162969,-9.63826074888134,0.10154958161021466,166515,11,1,4
track_1925,69.228140086727,0.4203944605112352,0.8330182421194239,0.4474494914546061,0.08098427825617119,0.02,-18.43729957623819,0.815091236225228,244592,6,0,4
track_1926,87.50654783091926,0.14736792517143926,0.37324308880800294,0.8815444483111784,0.04791677878457562,0.02,-7.005755142678014,0.22243751992197355,299981,0,1,4
track_1927,74.48326976695077,0.5813150547550903,0.37448025112520245,0.44843454725171716,0.1710753235147552,0.19179413825884423,-15.405257753578015,0.8273307991662929,163244,8,1,4
track_1928,130.98675602575585,0.5367973308236305,0.5976093142165281,0.06392903646587168,0.002071170224069796,0.5124122124912623,-18.029195309061613,0.28344289041143444,283523,0,1,4
track_1929,126.97283429288515,0.5316631064955714,0.4923740429631579,0.5371905297757327,0.38061165816273307,0.02,-19.95208683557798,0.7008201206447291,349899,4,0,4
track_1930,53.4251659837186,0.7697913652262722,0.5832010181560465,0.39084044769485543,0.4165233735963954,0.03667927261770136,-18.80569110759781,0.6116423851407671,136550,8,0,4
track_1931,92.89223644441998,0.27248322682397325,0.8861910769975392,0.2583821821867777,0.2552420775298092,0.16476820038772294,-11.777669639887213,0.2764115645535886,374242,6,1,4
track_1932,79.10443012967168,0.2968193460675895,0.5229046798867857,0.6280037413323847,0.0432807397634775,0.037376063481979985,-18.419986068566665,0.3006394462095379,261657,7,1,3
track_1933,143.8052990537811,0.07070951983270106,0.13256620190796745,0.19878851665687397,0.1430706838299882,0.49847011635857424,-11.429932374863187,0.5138161608147366,386349,1,0,3
track_1934,64.49702645620738,0.6209658930090607,0.5837896827216729,0.48323007017660685,0.278992974224534,0.32009270369010634,-17.075043065617127,0.4969036611335166,363642,3,0,4
track_1935,153.1268731405504,0.5062661650575494,0.24896336475124284,0.1529340219268858,0.010482537793309968,0.07382473069785034,-8.29581917676046,0.6117919477576919,204447,5,1,4
track_1936,104.00115781449188,0.7647009116629846,0.1880213121317891,0.38552035569389986,0.046572494718887684,0.1415060972809855,-16.308307122466324,0.5517346747620018,356020,6,1,4
track_1937,70.14196780859737,0.8240466488723485,0.41947616578942265,0.6875271496208392,0.21158908671603613,0.13082482292362455,-15.124860219150662,0.6583246003175125,131455,1,0,4
track_1938,84.68177447972167,0.44658777341463923,0.8505428531215148,0.6244274153935079,0.04795771214761089,0.13774532110779894,-14.82719073787327,0.4783486104053391,391692,0,1,4
track_1939,80.95143477694648,0.6992441032351792,0.54898603590263,0.43549901552909115,0.7361170543637101,0.6276719768342814,-12.899202911949848,0.4464058141667365,206138,8,0,4
track_1940,66.76144793953482,0.3154767402909642,0.3553159542797553,0.14653828940228325,0.24415573317703515,0.14654346095017162,-13.779266112691207,0.5669540617681729,244086,11,0,4
track_1941,107.84480579191127,0.6572440912520723,0.42732465758096305,0.7705386092524193,0.023905067562674367,0.14924832095078677,-19.742108001844564,0.1451211134205621,278443,1,1,4
track_1942,68.1625334792447,0.10698325455041893,0.28775454351006946,0.23408101421700664,0.4944749262659434,0.02,-2.5761632769914513,0.39236480332100204,330092,10,0,4
track_1943,40.0,0.8940762541885113,0.4103731651319182,0.33250159628231984,0.2951280237332436,0.06323560145028287,-10.076827641457768,0.2743572961081576,368910,3,0,4
track_1944,93.6097058745548,0.954412691480095,0.19891482471865157,0.3012017831212855,0.37844393372094065,0.07471290969369361,-8.44430050232696,0.3678591450474422,180048,8,0,3
track_1945,50.91431410746352,0.48629339712397246,0.6017025003031399,0.24685898621761657,0.015409166075311032,0.21717906000264828,-6.937942810295284,0.7231456304606334,384007,11,0,4
track_1946,82.43517395797438,0.5067162713038765,0.7131039558405322,0.31986111293829544,0.1239502148776626,0.35359026112122083,-15.275848356246303,0.3883865189475523,120779,6,0,4
track_1947,77.72691334189932,0.2282838709871292,0.13864129895357208,0.351287401054105,0.08338259625540939,0.09388745014119204,-9.043122901811152,0.7701088858679865,380932,11,0,4
track_1948,78.86351783922558,0.6368978828337185,0.6014444343903589,0.7034147053454286,0.16978107576566376,0.19175841006856545,-5.8988437535335265,0.3318405102599293,375525,1,1,4
track_1949,165.02889304770463,0.6178192037267486,0.36124021416687335,0.44004999874810496,0.04645016608405237,0.05341292631120147,-5.444271759306334,0.1287286957587772,152583,7,0,4
track_1950,106.69234701508712,0.44925748692888157,0.26821913154394456,0.4310219132290828,0.14335403099085803,0.06934192561465129,-8.382635814207703,0.414027786735841,154110,6,1,4
track_1951,112.36113026985997,0.7418242191762684,0.48549955046513765,0.49051844960672625,0.02775386051802785,0.02,-15.320459716528827,0.15949921961201122,195042,8,1,4
track_1952,51.70805110973116,0.850242213770367,0.5026315449094669,0.4710038697356545,0.421843776611738,0.2035784705716278,-5.906070369584903,0.33836270111211,419962,7,1,4
track_1953,85.38110599089234,0.5105633514891342,0.375679123199463,0.6842498515172021,0.0004551348509568576,0.12896587023805892,-21.668309561409146,0.45049162554894706,355176,11,0,4
track_1954,111.45907889824537,0.48939997396956675,0.8450692311300446,0.1096799640237354,0.24081514263594384,0.02,-17.840348830790816,0.33099336601240764,199827,3,1,3
track_1955,74.26413261260981,0.8879040947652508,0.25424189188140395,0.17224971717090568,0.19538139155842582,0.12333042078535822,-27.848971094846846,0.4465070838606893,317927,11,0,4
track_1956,132.24188530553957,0.14177202000915898,0.2141294732799433,0.0261027038845913,0.03398015805192469,0.029321192093382915,-15.478876266782734,0.19421742469488487,391118,9,1,4
track_1957,68.9191024229691,0.6523242651625036,0.28128197935627103,0.10766060932866493,0.4554345678925743,0.5279636110063844,-16.49447834092065,0.792616333756985,239237,0,1,4
track_1958,96.40901592404472,0.706162141027506,0.7370490202289297,0.6027039277591694,0.20014181488902333,0.11341810191961892,-16.833791526619507,0.8603032155535666,127596,4,0,4
track_1959,87.41845080073324,0.7000612267679717,0.9050195548585223,0.20036073466278007,0.5202252930876928,0.293881958986983,-15.310290381158017,0.9525498689394809,419909,0,0,4
track_1960,109.92961978145748,0.4887175803986773,0.15716124792864117,0.1967230809219794,0.10113274402053173,0.3195138032868541,-20.583331524776067,0.5170683551765097,263104,0,0,4
track_1961,85.78529784433722,0.6117580470443518,0.6948620898239809,0.29828564952062736,0.6032630810356339,0.02,-10.248007176216252,0.596340606412636,222485,9,1,4
track_1962,96.87319118787188,0.3109663199038988,0.4060059815645256,0.6309622171086343,0.07961838967183801,0.30861761509290164,-15.334492745856108,0.6703104638052333,128382,2,0,4
track_1963,97.91609724666043,0.6420934517037874,0.23225446982406708,0.4078018868491814,0.18674938434627594,0.02,-15.954467550558476,0.3820513925215185,368811,2,0,4
track_1964,82.96836727826097,0.5803525847569995,0.8060831592546887,0.3596725649593345,0.14578682265622708,0.02,-22.04394219683956,0.4490663847872211,181822,4,1,4
track_1965,119.55281605491338,0.5151188468585075,0.6742019150604233,0.4469906186339941,0.5246759332486725,0.11110891608770801,-20.12544472412447,0.7159746246281715,280059,6,1,4
track_1966,112.15165124512276,0.4553328692236426,0.730436100411244,0.6373538218774466,0.31805005212057463,0.4283961564176547,-19.624955653865506,0.6164340278760613,260486,10,1,4
track_1967,102.34158164240498,0.5868217322366868,0.656074153002815,0.5230731774450845,0.4531946217399885,0.2268114735861206,-11.158645820843464,0.703045385095131,259016,11,0,4
track_1968,92.08624999614126,0.9068175477179152,0.757971858428944,0.20206753862568405,0.1786256434424623,0.1582577150375384,0.0,0.4729536097544059,372712,1,0,4
track_1969,128.89632091559992,0.8836763170093905,0.22763688996252282,0.6033619015127011,0.39681214426123723,0.09753672767258259,-12.557822620981907,0.37678297970707453,163883,0,1,4
track_1970,97.92497268557456,0.8969180393381907,0.5812633112543647,0.4889464803195892,0.39862555079719547,0.02,-9.304562752080834,0.3476384851605723,126405,2,1,4
track_1971,95.79908136522188,0.45076733582936984,0.2345125977309975,0.710050282835907,0.45567123075252525,0.1161772679146801,-8.864074964852506,0.4594429213352082,406311,1,0,3
track_1972,108.14070089664378,0.528183066542031,0.26707921980850396,0.35101878553702615,0.6650603854829925,0.045558035902358636,-23.76408237734867,0.46428421675396536,351040,6,1,4
track_1973,155.89760048912552,0.2062061184256962,0.3892344782332017,0.27580155878425155,0.3111179510135329,0.06507079571452093,-7.098560296126342,0.9200137041880162,284716,3,0,4
track_1974,64.78931375936389,0.2531922075314546,0.29050161938978064,0.5477923101924385,0.7598666676522607,0.06443117432778307,-12.487192486924606,0.346788258915057,406546,4,1,4
track_1975,128.09570679166063,0.5076258138469166,0.31256136686923214,0.3947774447193993,0.42792941120196354,0.05973674070285098,-7.5783453090821595,0.4106991246323404,299994,1,1,4
track_1976,48.20486516285685,0.7079706917214292,0.04143325552134279,0.3362153522042895,0.30392356509404983,0.0644812853829338,-20.159393757931355,0.8814752850924847,237347,2,1,4
track_1977,111.51819474685871,0.3109906351015116,0.13966507547582652,0.4610294740674838,0.13634538863021814,0.04434667430149788,-12.359698482619631,0.7541626145182067,352448,0,1,4
track_1978,152.2524848282619,0.39360868284603917,0.23722338566624163,0.7511172077255723,0.6973059522646067,0.06699880189319705,-9.838735383847172,0.4953692340703888,402028,5,0,4
track_1979,119.66005573401921,0.5953763918123144,0.07502246758527635,0.2394059423193939,0.7526596450445873,0.021053395228294077,-14.533171228118695,0.40745639407634743,202936,2,0,4
track_1980,110.11875235619378,0.42513058859734804,0.193242874066693,0.22368196277130312,0.04260538640739066,0.06571461596604544,-20.921224285759223,0.1907034654343607,209270,3,0,4
track_1981,88.18651593590774,0.2782056072214834,0.553972752255396,0.49691959360588894,0.5761951319871305,0.02,-24.469688810485252,0.1190437671827508,146594,5,1,4
track_1982,105.93141601465663,0.7236949189640066,0.789666559658868,0.2964903903414763,0.6544486576783298,0.04236513045599969,-9.76356056835721,0.2036884675469163,288804,9,1,3
track_1983,97.43811553789931,0.5025853308522619,0.7748001025596692,0.40513768521353655,0.14044827343131783,0.2247849663988059,-10.539783100372333,0.6754357125493039,156907,11,1,4
track_1984,81.42070176205934,0.533166135584437,0.4791142058071007,0.7086131185777904,0.04333908009487054,0.02,-18.16165994585331,0.12548205823707334,355344,5,1,4
track_1985,96.30373153575391,0.7232093444753673,0.21360703599879977,0.17512434256266984,0.062566056616288,0.43258348552727327,-9.129325450241513,0.8727123385631039,317984,1,0,4
track_1986,110.95143481879319,0.3274432354673039,0.5477617105576938,0.42046555012152964,0.3794551366804875,0.02043631385920191,-17.363843333311653,0.8094395466233306,177018,7,1,4
track_1987,81.98348794408079,0.49863206090482415,0.3602776888302127,0.07527290885313918,0.11110878320339504,0.08900619287847947,-19.940304273296917,0.7797844747764915,327770,11,0,4
track_1988,80.81154537945947,0.4941184707414569,0.814364218628677,0.3510353060792945,0.5752480881127304,0.059539212669469994,-11.479494681143304,0.7491373188789852,318023,1,1,4
track_1989,64.19269687223476,0.8039765089171644,0.3544596419079956,0.23203727321943954,0.4329185910494465,0.02,-24.457846800437963,0.36694138829305606,219828,6,0,4
track_1990,116.72175078266689,0.23175477595771024,0.423471753001334,0.4414863534689263,0.11526502386677512,0.3769303553011038,-12.788351601587255,0.4178601133553393,225873,5,1,4
track_1991,121.35969785901182,0.6850698889554839,0.6394583525852272,0.5359045582990631,0.04024995677676868,0.08527079271946203,-24.188642600974084,0.08459071197689891,140328,11,1,4
track_1992,111.94981332709553,0.36047215928460796,0.5750739255148812,0.2138405793705964,0.12956986765325354,0.02,-21.03640983343832,0.25160071988648897,349741,0,1,3
track_1993,133.95511478185998,0.9015492979371829,0.7906587604467206,0.36329905242229604,0.2595204090780287,0.179652370321122,-16.34084638336409,0.9049003440627958,171750,8,1,4
track_1994,107.63602911242182,0.28240701986384964,0.46111201491582876,0.32352849144351514,0.2711767901893338,0.08186027398108857,-9.817469999291873,0.2532165146941831,206157,1,0,4
track_1995,116.7603281209727,0.5652025443411844,0.5604542472097692,0.5973417062224655,0.48900374668701957,0.3084368722281981,-26.305465596500305,0.7890020390729926,406219,8,0,4
track_1996,114.11512276912688,0.17321449495380634,0.21329167531388088,0.6330747293487412,0.11575444094896538,0.09344815962643234,-9.646148670386292,0.6705576228110661,314899,6,0,4
track_1997,102.25379941745376,0.8620487292612036,0.7190589532105256,0.30275031975304284,0.03712989644607132,0.038704544305518764,-6.921427967173523,0.584429619011493,384859,2,1,4
track_1998,89.07534515611059,0.15444707126167898,0.39642489912612844,0.6729650641309648,0.6535830931801211,0.41425894856921747,-12.571637719704215,0.5498859223627548,227335,9,1,4
track_1999,171.42457847375732,0.8314871003060804,0.8183279673421526,0.41003592228277747,0.16967657792646823,0.2387582725621157,-15.089372297758588,0.2854686784557288,269756,4,1,4
track_2000,91.44147060439474,0.3760441756754355,0.546585177184029,0.29457900753046845,0.3776044233196641,0.02,-14.18092204843234,0.591946104229972,258127,4,1,4
track_2001,85.02366866638691,0.5854363501151835,0.1589705654666995,0.17990731820796477,0.08067457786264133,0.18834534613154127,-22.6451309642717,0.5147287564095807,160394,2,0,4
track_2002,118.02029470350321,0.35486029289858895,0.13617853631796428,0.39810101214542165,0.11249499364524554,0.02,-14.337997402860267,0.7354726389855251,375022,6,1,4
track_2003,112.55563245885016,0.13340161133872816,0.6346228101853676,0.3929661539626077,0.1162719305609146,0.07665970713312285,-12.172056370225176,0.8970526186735196,364606,3,1,4
track_2004,62.856253571690175,0.3405345080429191,0.5449337688534324,0.8385291142229431,0.11388116630295185,0.08696670744213207,0.0,0.22113994852381158,241447,7,0,4
track_2005,138.68034763691216,0.4965874152417321,0.6924235299761649,0.6895776598872053,0.31915435418464067,0.02,-6.317083277711392,0.7132474840162851,271996,5,0,4
track_2006,102.174162739475,0.13312363517035633,0.44640695963486965,0.609732584487016,0.12756210589834296,0.2540918673345808,-15.018562926887489,0.3392903066914605,231553,7,1,4
track_2007,71.67206714352838,0.7553608355814826,0.9301214606579251,0.5787524477613314,0.0009674651742144353,0.1948611722870336,-20.031354309716452,0.7720618411482862,252393,5,0,4
track_2008,140.66352343061624,0.842912659099706,0.6654586838317975,0.5773146387338487,0.3375059031262231,0.06311067041306372,-11.985156912470918,0.7557293295503891,222849,0,1,4
track_2009,123.77026714788462,0.8318621087649711,0.8626106373422282,0.170627874111974,0.24358055193704958,0.037488768886315,-14.370401011495478,0.7157858476442889,304163,7,1,4
track_2010,67.06374024156258,0.1197970990480143,0.31217843225842373,0.49275432635502686,0.3355349726235153,0.03303247809638926,-11.836702769681168,0.4263882470676862,345529,11,0,4
track_2011,158.31548520773174,0.4537684184737704,0.6476444986314006,0.5287136618400561,0.4149739970062564,0.07510724168602649,-20.265478984250617,0.260199335964917,321765,5,0,4
track_2012,124.76392105098579,0.524391706020966,0.40299934226548817,0.6728902332583211,0.2711197839932343,0.04930812110012307,-24.01476579475148,0.47613974779412227,228697,7,0,4
track_2013,104.69411653124861,0.5763180141367736,0.283311764265917,0.34133882148545625,0.10679971569993366,0.02,-11.69943664445332,0.4474271311954691,201902,7,1,4
track_2014,152.7065641686534,0.5637095693923154,0.24071849480470708,0.18141377991977686,0.2730870087354688,0.10719124175009766,-16.95773406551224,0.3191109774563773,272817,9,0,3
track_2015,109.77893351488922,0.15622475565638144,0.30244797991692013,0.6279180940164784,0.03276531455270029,0.1508347760728214,-14.132310611911333,0.5456963258871118,299863,3,1,4
track_2016,104.15750774687903,0.4256222192763873,0.6300083733692449,0.3931003734562288,0.355849918020965,0.04993678455443727,-20.52741883590759,0.01,379864,2,0,4
track_2017,85.19099651934033,0.24466153075768024,0.35878071209666434,0.026080478714628347,0.5247354619335759,0.17259655161912996,-7.463442896010378,0.5592005957287033,167045,9,0,4
track_2018,122.45551317921236,0.6112498709233649,0.3728544643841996,0.3235814267415931,0.14270484674377978,0.13458862933094756,-21.73801185345939,0.3637366938554869,395994,5,0,5
track_2019,119.2980890197194,0.2692774323685332,0.6637409678696493,0.5505318143599841,0.12221035120544292,0.02080259606316615,-8.981352969813129,0.5259021470197359,419525,1,1,4
track_2020,105.44040419669133,0.4376299843468018,0.8632670754199266,0.7977326734122779,0.14652390883356178,0.15264484438821377,-14.417905314010484,0.8162470138547329,259911,3,1,4
track_2021,81.30040938397191,0.18302029796672764,0.12010868709871611,0.5272342913726976,0.04438930907131139,0.18201194972955737,-15.45615725285117,0.28394508962226445,278690,8,1,4
track_2022,108.89789562498221,0.15564220144915772,0.6731526176693635,0.48919039693243704,0.13179579626602328,0.16085024351890276,-13.031139997805564,0.913918059619974,228832,1,1,4
track_2023,102.90603642713586,0.8185245828487094,0.638368100329937,0.47846194113373625,0.3067942136996577,0.04251933054292578,-15.327809258558268,0.8892274545013454,286043,4,0,4
track_2024,64.99577043797396,0.3805718658629703,0.4205428830086299,0.3745670961287209,0.39547979086483803,0.26574109810810825,-15.900737144201281,0.4547579133485565,417764,3,0,4
track_2025,60.84562946027443,0.6188808335068093,0.41932138952475984,0.46922606977722287,0.2941554655839606,0.021308741233846865,-14.237345967550933,0.4170634391296874,414757,4,1,4
track_2026,121.95460136429308,0.45410981529447253,0.34354407768947887,0.3461881805103264,0.014925225902042946,0.24540370377488321,-17.031465719595374,0.081911358371302,239075,2,1,4
track_2027,40.0,0.6610585379136508,0.8878316652009376,0.5849088244778634,0.20458302713522603,0.026887235411338906,-12.191018919141923,0.6959646037395073,281076,9,0,4
track_2028,111.1623158088378,0.44039950586632226,0.30337765659139543,0.13924620234647217,0.07123292222640157,0.19427458546424545,-6.291257678356933,0.7188121203388106,402973,7,1,4
track_2029,90.65750826738527,0.46794266313609767,0.20718755776796854,0.4727767424471615,0.14893503691591217,0.5873817347751183,0.0,0.7955737123544793,279528,3,0,4
track_2030,144.2473982063973,0.7947062584531451,0.21341939223282383,0.4954772530552977,0.1577258583369033,0.08422109169453158,-8.006339427708358,0.7329511982405081,240220,7,1,4
track_2031,90.19595372538373,0.7592700205172567,0.8519238555903951,0.31002601252521084,0.1874204118109448,0.42108606639232576,-9.963047074552907,0.28533708003403785,318974,8,1,4
track_2032,124.78452642755688,0.6054019095115546,0.6658966373331303,0.3057769671936633,0.5515741863897587,0.042975277845921915,-26.48641490348022,0.21878341729270234,265024,6,1,4
track_2033,93.09258476286625,0.3543505578027845,0.5686362784603406,0.8233575390215206,0.4744873887613337,0.03590992293491754,-14.934244654223098,0.4745372226048073,295748,4,0,4
track_2034,108.41244460458431,0.589354767337829,0.5137555670839647,0.3992420599267743,0.0703015039388914,0.5716727618651494,-18.090731595457896,0.6749779098478976,222689,6,1,4
track_2035,127.10509592760154,0.23388905556535838,0.21159407268817457,0.34317731995772227,0.16199304628362116,0.1308057219534717,-23.201933580312957,0.27897076428661355,294125,7,1,4
track_2036,91.1233285102626,0.7496315408115352,0.5447235745576227,0.05466070077299233,0.015499323096695024,0.3744773294885312,-7.828152348057306,0.40384266419493997,305124,1,1,4
track_2037,134.8966465349521,0.8760264054819751,0.5272484542952004,0.669101336566372,0.09469449852697435,0.2731729378181842,-23.953302659410245,0.6488466804126921,123900,11,0,4
track_2038,75.1890636868055,0.4470933954327909,0.6693021238546939,0.42426414127075834,0.04229883790831658,0.2386478982690548,-18.938352652792535,0.611122819216647,259780,7,1,4
track_2039,113.83778527675138,0.9220513022476657,0.6931550657437862,0.508328295919289,0.11844004157173156,0.24945064503845232,-24.49624229333091,0.6394114584895848,328950,11,0,4
track_2040,132.6791916836356,0.4738583108663168,0.2706606380086521,0.20073825187018493,0.23248911774715925,0.1884323651142669,-14.845714080311224,0.5509336870983979,179184,11,0,4
track_2041,124.80112475371004,0.5743449031892953,0.8037628496869158,0.6636242115123664,0.05831399154959054,0.03785130068754339,-7.179453956578284,0.9021718131347443,264617,7,1,4
track_2042,162.49334630206232,0.35331265623821634,0.5943116929200976,0.5270530114441409,0.28491984388577807,0.14536675241147456,-21.34278643050926,0.7888487748028779,130668,11,0,4
track_2043,82.09682048068018,0.942770114203363,0.6522355280275747,0.6391902282831449,0.6004792920117136,0.31734622736460344,-17.19511662257395,0.20055841148466805,140255,3,1,4
track_2044,63.62552245954236,0.20464020085771037,0.20201340151087457,0.09524688968066496,0.17565353250285531,0.058157618624721914,-9.193907013336304,0.6840738128279417,169376,11,0,4
track_2045,75.16994674514642,0.548827833898023,0.40980405061543157,0.17587228073279834,0.41579330599427056,0.13247024210455013,-6.452515695848458,0.7981687441035183,168756,5,1,4
track_2046,124.81327699645311,0.31069053585774414,0.6130158753039072,0.0679576255959545,0.3030394517422824,0.038033394127642846,-13.902359118877483,0.6869202436140799,271338,3,1,4
track_2047,119.93768802808135,0.5855492127675567,0.4491069012234947,0.42901172376997676,0.020290740017941337,0.0319415968653517,-21.440534752655605,0.750338573563071,136697,1,0,4
track_2048,108.06769978942248,0.35179208868216316,0.23472737370512378,0.43900019775866117,0.05756218991688614,0.1630788681678802,-15.922738313224466,0.6314827834945465,393696,3,1,4
track_2049,71.3112885267861,0.32350543311699637,0.99,0.3082327713265765,0.356296314086177,0.1583468978003318,-16.55954864460983,0.6232197402922441,215241,7,1,5
track_2050,128.0060187998718,0.30116393111552975,0.39344420539710634,0.6717095947607811,0.7999842164811564,0.12082886667480651,-17.64096323850624,0.6543204749715662,363734,2,0,4
track_2051,68.2588566704838,0.41580624915081693,0.3343795565809825,0.6896834250157511,0.05780151505833644,0.024580131488393248,-21.928331513602217,0.8151824659183294,193379,5,0,4
track_2052,139.768487471307,0.35876010845550305,0.7602539169547036,0.5438991953276813,0.3628252554484484,0.22922910202131047,-9.700818414805752,0.5649295164934428,301190,8,1,4
track_2053,190.72315269419596,0.7643234468050478,0.6885654709810612,0.21128913192734297,0.2959418379178012,0.0389332957629422,-16.084142199559153,0.8990826754014165,409713,6,0,4
track_2054,115.99353439714652,0.5028010927418651,0.27447713786617794,0.7349162008256745,0.2464550910945463,0.11882175170227954,-24.94093182728908,0.14133098820505713,173965,6,1,4
track_2055,122.4932440697323,0.5864608887141742,0.6553746192030495,0.18739518630189966,0.266113178002507,0.06792706908953214,-10.554371767404508,0.4267665493878733,356913,9,0,4
track_2056,90.21420693313323,0.7738493791820941,0.26490019847401136,0.24263425325338497,0.036143755084685064,0.06069366193752913,-3.9684322128304323,0.18606782235258146,160829,0,0,3
track_2057,50.69360036739551,0.765838210801411,0.8547759288839507,0.49702382241462373,0.12372849371227983,0.38146445578052335,-12.342440848160418,0.30421875133090565,204805,9,1,4
track_2058,86.91841910909332,0.27038182134534533,0.4030140654791886,0.17591582202267153,0.031514567519226495,0.33394871033479484,-20.156141903323523,0.23424455623892884,348669,9,1,4
track_2059,72.21314276703751,0.4483840482565259,0.4906752316290125,0.3434550202097561,0.12866805842422657,0.027978024136639103,-1.3297666951039027,0.41563703886069564,366790,1,0,4
track_2060,61.58986270754953,0.11606001475581658,0.14155889586278808,0.21211794826257807,0.22680835270555857,0.13532562322463607,-14.172268177941076,0.13508437448005983,235087,6,0,4
track_2061,156.67079825986949,0.8459208335432684,0.6817950170791888,0.485284205035933,0.4879350426125681,0.32373749088631193,-9.383292945835061,0.5669910439733943,325229,8,0,4
track_2062,113.1858755407732,0.24999711961879367,0.30874363689709383,0.23402913097839284,0.09145558653305728,0.3651042989464693,-16.352322092066267,0.8372222497864715,231275,0,0,4
track_2063,116.39062741841951,0.9027354593242326,0.5068942006074771,0.253612218957175,0.32461060692405797,0.18302038793981695,-17.92437336361524,0.9306685199682927,250741,5,0,4
track_2064,95.72932904411252,0.4893226880798872,0.6323522836533679,0.5284751787429773,0.5017164270650599,0.23516276167363165,-9.62812913732189,0.29232490648793025,371175,5,1,4
track_2065,99.81386752669691,0.8196724194531875,0.9219492891397271,0.10598553777747102,0.26044527405476525,0.2464326553872302,-19.81971268813637,0.5287343672127832,389917,5,0,4
track_2066,133.93652046718,0.5012660566683718,0.727022130889836,0.7162715997623146,0.46738023245624083,0.053934236802098585,-16.615527639826634,0.7373860068095854,184491,2,0,4
track_2067,104.02988643914354,0.2746592811450664,0.42015372072506146,0.2967279940816033,0.13245974571940125,0.064487160976256,-14.723433880783555,0.6737245962003856,130353,7,0,4
track_2068,120.92081814074199,0.564269986730638,0.8365851702220382,0.32615303348221075,0.10138943874207988,0.02,-6.394321102876344,0.6292886768282523,319666,5,1,4
track_2069,99.11987106464953,0.6796439614891814,0.16604061071785733,0.5895055096041203,0.2229452619531837,0.47729151194652286,-22.45322693472631,0.83475732013277,293583,11,0,4
track_2070,94.73541327803858,0.3562899646087139,0.044645811375625885,0.24721095537784432,0.22876477784059504,0.02,-7.637533674535176,0.24761139071501895,397564,11,1,4
track_2071,62.79257503194414,0.9013279833340815,0.12508483061006087,0.5427518833046528,0.09552504211334033,0.09785940005694449,-9.367430461760293,0.5087105412885591,323278,11,1,4
track_2072,45.667528128986156,0.7023483270748456,0.6477547639136678,0.9223989952204945,0.30253271439027507,0.07576258379986932,-10.487292669684498,0.7832827135772482,228466,6,0,5
track_2073,97.15314296800794,0.8118219502611861,0.46799195697322277,0.24114928154674287,0.09266062371670722,0.02,-9.813068120571216,0.1300557098106603,365985,4,0,4
track_2074,106.69490075979698,0.8168227339931744,0.9765694665872541,0.37073716434570303,0.2084840181287275,0.02,-20.78481172939665,0.7581527026504683,395261,7,1,4
track_2075,66.41609889873627,0.8473330497912475,0.3505841282446234,0.5410086915245572,0.3915012038026987,0.39564408461654743,-22.428719419181853,0.552621430166823,303525,9,0,4
track_2076,103.96575404896102,0.23100416134650842,0.7148826123770657,0.5961348485183091,0.25720656967884853,0.41518525522074157,-24.906817450255648,0.5638567717877455,371283,8,1,5
track_2077,106.61257688971506,0.22796945067523303,0.7629139263943778,0.49739602914735886,0.46951874130734716,0.02,-16.35774636847434,0.873657583206695,279107,0,1,4
track_2078,40.31975981821863,0.7408988870351303,0.5399761737666159,0.25591568788266533,0.15912920091312793,0.4016055203030471,-12.19093366847687,0.3349530678770842,274951,0,1,4
track_2079,77.54626021561496,0.40778565833166464,0.20939032865326807,0.13597666611907752,0.33224472648488923,0.03746906504641832,-19.954066698591856,0.6726456699177863,268760,7,1,4
track_2080,117.21791681206406,0.20261437454823328,0.35579371441342555,0.19573628338767263,0.39987716327671674,0.2886843342161646,-10.593343161465462,0.43757512961568434,401464,11,1,4
track_2081,116.61176188187231,0.5667962837046172,0.6062960691887026,0.7555166197424118,0.6117210824836858,0.0801502135686683,-15.044052113411293,0.15449821611794437,250125,6,0,4
track_2082,70.38975250800718,0.33012413068084784,0.8706514229782687,0.09559629416166338,0.2573442055064556,0.20941411079052466,-14.051627900459323,0.9044904802515628,303042,10,1,4
track_2083,109.75344151499205,0.3758371006872515,0.8594310679830541,0.541323460071648,0.22590110011689765,0.35344966670294303,-10.383256132177067,0.17598031647619378,301775,9,1,4
track_2084,135.67221676081417,0.23964994556121458,0.3536290508195601,0.3289613094750231,0.5117365415712672,0.06192845911914352,-14.007611218116217,0.15695448421868974,136042,6,0,4
track_2085,128.31218876972696,0.5439298393847086,0.306792958076556,0.29153814748482854,0.15850423023174745,0.15194268459190519,-21.183070863104813,0.5568518340133688,184511,6,1,4
track_2086,102.14142638958197,0.9312403851984797,0.9292142162433469,0.28372911339055396,0.1851478061372756,0.21473711656610062,-4.708383396182988,0.6117639393357639,244050,11,0,4
track_2087,90.96071060027123,0.418851846154637,0.18502900506882927,0.2232513001212701,0.16233264756055207,0.48793518274327663,-10.803200357294084,0.2640257863042657,292274,6,0,3
track_2088,86.11966546996487,0.6272539526122236,0.4301470659523845,0.6099231558740842,0.17944472203873724,0.19027607365146962,-20.760749835927726,0.55450910736856,188128,1,1,4
track_2089,119.03459348728971,0.37379226235520496,0.3670789092886885,0.4444856390992736,0.45869892706030135,0.02,-15.356281114974996,0.4693306356242789,249577,9,1,4
track_2090,110.85311919428663,0.6778952844201264,0.1971732882284004,0.2698615834507336,0.273419125898963,0.02,-13.044154633205475,0.10989862323820934,270518,7,0,4
track_2091,123.88212018306601,0.08205490958444205,0.5996183092550086,0.6332735711249099,0.06403829260585175,0.15700087881283808,-21.23722450053419,0.6871076301789015,332068,0,1,4
track_2092,108.95621439363455,0.30207360271775585,0.3363079519341876,0.05032532401852336,0.5909003515661997,0.33455462914114037,-9.385162765896682,0.37132165230266134,374006,1,1,5
track_2093,129.56291851042326,0.7145816703254503,0.5963804512229657,0.30556665407763844,0.20232566693309645,0.02,-20.781622283121756,0.34611300795316796,329038,8,0,4
track_2094,107.83777598873101,0.8299496011658344,0.5142038590054415,0.5785029047334302,0.308854246928052,0.3257247536011536,-3.864596999585453,0.4274403620035782,244957,5,0,4
track_2095,128.5406614839506,0.5247997496308235,0.3096379395970195,0.6771481322590798,0.864039395202524,0.41089651317381326,-8.446859249042044,0.43003652412778115,385796,6,1,4
track_2096,131.12468311099917,0.3294391748513223,0.6598507841513308,0.12850608828816582,0.8895725554546986,0.08859538875288728,-18.14283752614505,0.2550005329642951,281168,9,0,4
track_2097,80.86420109325559,0.4655708736824931,0.49410409913509595,0.31303971671397435,0.16770640020204716,0.04761824160991563,-20.456156831309194,0.156711365917343,196097,1,1,4
track_2098,50.75567859387762,0.24228921223673536,0.186404884419708,0.39228970957313136,0.42660307980008855,0.11734115903741733,-13.208333233152079,0.20413925154069887,300699,1,0,4
track_2099,151.3047856804366,0.9027274407378156,0.8491704692335085,0.19420067614311498,0.011965368078050357,0.24693687070267042,-22.448649084809098,0.9040596969246201,212109,2,0,4
track_2100,112.69976192136785,0.37133891322453794,0.7521811589360047,0.59410841333861,0.23658530534682531,0.14769129107209378,-15.098737767914143,0.5455396389594289,166705,9,0,4
track_2101,53.565423135116355,0.4840304755494511,0.6759150583023632,0.4395041773360126,0.2113845114940407,0.03978086191750769,-14.184286465389176,0.6245427028385695,309115,3,0,4
track_2102,83.58541508343868,0.6122041648762939,0.5207176121422145,0.3142029241339122,0.09104413261395068,0.0908403456506941,-11.80606610976384,0.7499110176187784,329617,11,1,4
track_2103,128.15622877109485,0.4411738732201577,0.753577131152889,0.10970445081309564,0.43832788794864563,0.08619900158382905,-8.172749339813565,0.5454570525383962,166183,10,1,4
track_2104,96.60969506601322,0.25993181546790367,0.8288649909464918,0.4683111978516195,0.18437070436710323,0.2139594087985708,-8.979986827979044,0.24819593445323798,306512,4,0,4
track_2105,89.63815742042618,0.6108798068753357,0.311709345227534,0.3321339691690616,0.17790847027186046,0.09354314103204744,-8.268832558953868,0.6571319034792525,322310,10,1,4
track_2106,147.026455809389,0.4025994231344192,0.6308759135833513,0.4947889338003901,0.7185439461729549,0.10368408569762742,-11.794728063415691,0.6639511911015871,168212,10,0,4
track_2107,73.58138560848569,0.840165366806267,0.5112493946746838,0.262345685571632,0.6292264480404233,0.17825673451089333,-13.100772060116709,0.6852763628733675,276970,10,0,4
track_2108,81.05539926735499,0.49445963341871313,0.5758437527077972,0.7494565779142124,0.5266510693750285,0.22847549241418694,-18.020191168664937,0.18580089393586655,303565,9,1,4
track_2109,111.34159425144803,0.6611650978163888,0.5122152835724778,0.1876540427905775,0.2995576136757776,0.08322188289595771,-25.888053073351053,0.5258026490798703,146128,9,0,3
track_2110,116.71364796161647,0.4585267966677818,0.07114730409076879,0.17480356043756765,0.00255575474748093,0.14199569405199775,-13.202354474398529,0.7761793605069219,383551,1,0,4
track_2111,119.89029103022195,0.39250888415306184,0.797656906148973,0.1446415174110851,0.0022535225721600203,0.05987411837603115,-21.350073501430437,0.1571244787033476,309401,10,1,4
track_2112,132.3371413370684,0.6228573767982926,0.4574192181126906,0.18274403943925752,0.6408775617138118,0.05750507500059392,-13.357700616800237,0.6469872610587808,406832,9,1,4
track_2113,110.9573586204455,0.33938502559760103,0.7578791754891291,0.8113022016005141,0.006830993632264011,0.2253259346327458,-27.594029092737735,0.4998201371149605,273817,11,1,4
track_2114,119.68151816815228,0.6770446093158209,0.44667282240257555,0.4212793337986333,0.13682009539814377,0.18887773426893759,-21.34209899239192,0.3860822800153049,229432,1,1,4
track_2115,97.2237222205475,0.4346828308217915,0.23367845961850406,0.2403363520403034,0.37722744442043493,0.043906741263439235,-18.610440395112104,0.8661397780027729,201661,9,0,4
track_2116,106.88094909710142,0.4722448412611834,0.16559973616405266,0.20726200374193793,0.5420601485497617,0.059395049672846756,0.0,0.6113388779237822,280450,0,1,4
track_2117,108.22602540160904,0.4222739805583939,0.32782107295852275,0.3186949611706399,0.04433560731977348,0.05733946485849906,-18.52049105721033,0.4179959877349195,231975,6,0,4
track_2118,111.45294407457108,0.5358461347158333,0.7981962056726544,0.2680565826561228,0.056951386866694965,0.032952398286867565,-16.674758884743593,0.5766805159526295,282456,0,1,4
track_2119,128.17619422748282,0.5898032919506687,0.7017984375121313,0.5062908519036188,0.08508240293668862,0.19368071848433416,-13.697718033877742,0.9084291500702889,242977,9,0,4
track_2120,121.65437045834493,0.7082710323449463,0.5488562006245242,0.5128853213552486,0.21447253602362204,0.22914939954764366,-9.317155885652696,0.6969944833699316,210240,5,1,5
track_2121,106.32651008700549,0.23064582611992646,0.4496909757150128,0.15292321674707782,0.4047611582335596,0.2588268228396012,-18.409387844579342,0.5418436861456946,404568,4,1,4
track_2122,80.72622045176881,0.13454941125807726,0.21389339645250344,0.3782223572956298,0.4267937521871848,0.02,-25.781600196194052,0.7153766463745203,252553,1,1,4
track_2123,107.03013774188129,0.6824024165235745,0.2848681695238423,0.527206233658295,0.09778734368002248,0.02,-23.39368770706686,0.17571385388671745,396025,7,0,4
track_2124,104.15946645312768,0.2655530628903367,0.5163255937847102,0.5787972110775729,0.40960161884874025,0.17111085543538498,-16.071255348681156,0.9205315977243961,155811,2,1,4
track_2125,110.79544739439595,0.7763926291192323,0.5503525799255466,0.4829046719708678,0.05728513204907032,0.30200044170705936,-4.914633603066029,0.3239167193580762,157175,10,0,4
track_2126,171.19575921421205,0.3198662992063795,0.5008942144288084,0.06182093167856331,0.4591764551677287,0.26348008496429787,-20.104992918228728,0.6680390263286997,133931,6,1,5
track_2127,89.28681664376293,0.420133501356241,0.27685943391349405,0.4118871047547007,0.2074367830895835,0.02,-9.402151263923711,0.567823700969952,261997,2,0,4
track_2128,117.66867057376079,0.49538782764080386,0.6067027925118956,0.6019418260470855,0.022973770019517028,0.16347755948733828,-17.092950989545994,0.7130550960480778,294467,2,0,4
track_2129,137.05386201732895,0.1608857093943633,0.5282765223935064,0.5818496155466779,0.10579379739565689,0.23506087414649202,-15.223873543961343,0.6380100365730894,184482,2,1,4
track_2130,107.94005742298148,0.5029190814547646,0.13281356217774917,0.15694233362380672,0.08028392596056175,0.08287614768600489,-20.981767551431133,0.8183332378894366,165714,8,1,4
track_2131,175.13535357516497,0.8100950838327045,0.49083407462124634,0.21133754887536343,0.1069391233175462,0.5441877365193125,-11.767559301866642,0.4604891703588389,201733,10,0,4
track_2132,93.6588212480557,0.17706441043744775,0.43077559531605675,0.8967435103841298,0.3125053874185939,0.20424776845332468,-10.602971234153607,0.20393267524587244,410494,8,1,4
track_2133,114.72267666960141,0.3315382857139947,0.6716655629789748,0.51386537238987,0.1999448776460375,0.3098196655756871,-24.15158353835914,0.5314703335247152,302280,4,0,3
track_2134,81.03582765321055,0.3853933863119306,0.06501262597625954,0.353447157490551,0.24902068801816696,0.05161495830998017,-19.04760283518074,0.4285703365158799,302225,5,1,3
track_2135,94.4542579457012,0.2388699910420697,0.2383908667495906,0.26384567443118023,0.1808551627484027,0.29122101557619223,-14.76906706156351,0.43455537757889084,127432,2,0,3
track_2136,112.46801731189974,0.2581384790192083,0.8836064638675016,0.12717365520313867,0.3079451385558664,0.051793275945604525,-10.927201336097335,0.8932651933958411,402517,2,0,4
track_2137,130.3891218692319,0.3271219814987706,0.1632409658235278,0.32477800177547594,0.06566708877989294,0.02,0.0,0.41411323237128245,373571,0,1,4
track_2138,114.57284502070722,0.7507333478823481,0.2017787312341923,0.49219192956179314,0.1944345970722888,0.02854553870512665,-18.00445780188081,0.7143443466357889,258185,11,1,4
track_2139,142.77344548004208,0.35200332155603603,0.7451123227871239,0.44529049516347735,0.7298489667027969,0.09208735081697557,-30.14317981851674,0.3405600467151256,278086,4,0,4
track_2140,102.15104068221984,0.2978645985295897,0.4219906813409314,0.3716934686237024,0.194542860587293,0.38227339583524633,-17.54852952291543,0.19801308624182357,160253,4,0,4
track_2141,95.03494410482983,0.3406456643633855,0.5551185889591413,0.37310185860531697,0.24031693635087636,0.18702332128820037,-11.948183303620267,0.5997148267423552,353934,6,1,4
track_2142,186.1195532183816,0.9108488785970543,0.6555924976717673,0.31915492190537115,0.14721946389295443,0.11009354331872927,-11.156509789496484,0.6338743356737397,291141,9,0,4
track_2143,116.82712948326092,0.6498273764267448,0.5961135312227411,0.31522893260823515,0.14934975130326786,0.3616038686522404,-15.272601498421771,0.29623908000728005,166868,4,0,4
track_2144,83.41555362064358,0.5958706617201652,0.6526220861669767,0.45551886858389773,0.15631446769780089,0.11716747927448776,-20.503531906684074,0.19602639076609937,336574,4,1,4
track_2145,84.17208713255793,0.8045104179998349,0.3597545538166625,0.05296012910443973,0.2685036929282445,0.02,-11.818213312185968,0.16357275075472774,335761,7,0,3
track_2146,76.71960256405978,0.39111159190708555,0.6675555334641357,0.30267637685135135,0.02404791231992864,0.09504467463459591,-13.454244725600345,0.5234870344202351,333675,0,0,4
track_2147,133.09708067570364,0.46169647520300705,0.699619173587861,0.29067836436320843,0.05481974257565878,0.05513497839743463,-12.588027206440627,0.3826466414154566,414371,8,1,4
track_2148,94.06868121320275,0.08312276964688678,0.34438287588076794,0.3083092338201621,0.11021372569552092,0.19992424744273601,-18.43264950973863,0.4958483403975246,270342,2,0,4
track_2149,108.82087426969457,0.6080483240394561,0.7415751626963326,0.6208563079482663,0.0592960133789656,0.3580667892978808,-8.939223063093259,0.2877626870625664,289300,2,0,5
track_2150,103.09473976685194,0.4722672154548382,0.7281884583830102,0.5259335104700774,0.09239951574569329,0.24285191552639204,-12.876662306678337,0.6282206200165442,158225,3,0,5
track_2151,126.94477223822804,0.6160402962335709,0.6075289340950301,0.5957603914174547,0.008834645090601872,0.06274015482108622,-14.646505606341462,0.47400645465069685,352352,1,0,4
track_2152,79.5976772134794,0.20353178504933825,0.5130318738888128,0.638574547834388,0.0809757165841848,0.3212943452563595,-7.778401071273144,0.741093085211312,158156,8,0,4
track_2153,72.73283141570954,0.8565558676713133,0.6146201904707097,0.17047700962720785,0.35522966785571786,0.02,-16.141956343498293,0.5629247840455284,345104,8,0,4
track_2154,111.72891921544783,0.8509612079500892,0.7374548860515722,0.39108163921256783,0.10417820532940937,0.2978910528852186,-8.696097729055197,0.3021738407952992,327500,4,1,4
track_2155,123.02877854099691,0.324553627301731,0.4886031517789028,0.33049013169534136,0.27240459524721683,0.1791808817148981,-17.474481231212835,0.5068145871962901,287873,7,1,4
track_2156,114.97596939292922,0.1706472466133106,0.6248223629790423,0.7462710741551842,0.2609514586315616,0.3653662473618229,-20.865044135248624,0.4747712489153845,378503,6,1,4
track_2157,80.71638812708017,0.38025773525651657,0.41448145926160324,0.32904006822372095,0.216970217434184,0.020958656258750617,-14.123467037589787,0.441962208745342,341023,9,0,5
track_2158,125.32454526274182,0.8406490603204056,0.24602728578361863,0.5710441677618442,0.5374618004128955,0.5129324567290441,-26.346161536564974,0.12780160713901584,292274,2,1,4
track_2159,82.68417218713097,0.7662651169105084,0.3507868590651339,0.5873364806885719,0.1541274910751278,0.5558750924107688,-11.942505180159294,0.1665068400973672,261418,1,1,4
track_2160,89.3538406564085,0.8308137416229863,0.11553304451009508,0.35293290753382134,0.2012296774234603,0.02,-7.827216710699387,0.49573531281761685,344995,4,0,4
track_2161,76.68139425833994,0.7859111563998034,0.5897552277543888,0.7807925826624681,0.07288988914278456,0.19996642548531063,0.0,0.20498557319383157,331044,3,1,4
track_2162,144.03475045956094,0.20445224508200108,0.22090154264778405,0.3626579121094218,0.4368140816863894,0.0419330909860006,-7.870968336319184,0.2984922248319212,281594,10,1,4
track_2163,124.00264623082047,0.18400593692204587,0.4675725716230014,0.2567405702530658,0.005616725612277447,0.21275779138618037,-3.177993223517923,0.16043406751412614,152351,10,0,4
track_2164,123.1498012703662,0.2758063433571755,0.24736087485435806,0.4253217841301591,0.3992214501554452,0.11059090154717637,-12.209249431431095,0.8001218471296901,186358,6,0,4
track_2165,142.41634263427352,0.7168242870679326,0.6784827190121548,0.43612351973638497,0.803440305597829,0.2594354709592963,-5.620897140145356,0.37691327245492207,282974,2,0,4
track_2166,189.37947744716172,0.7034250321520981,0.6918687190729175,0.3571179089683073,0.4055431935920993,0.2242495717583132,-12.866309664676596,0.23454412317593634,201543,3,0,4
track_2167,53.72321688269533,0.6086845612699873,0.21161378749940993,0.46088522274678095,0.11981664392314606,0.030095562500440695,-5.491301401033455,0.5387460188173404,289900,0,1,4
track_2168,82.84870257368675,0.5013671580914787,0.7334631127695845,0.5135811959858216,0.19605994213016711,0.20076887043692035,-26.965556203027592,0.599019653546099,348358,3,0,4
track_2169,86.51474747476428,0.130651301007929,0.33059052281836765,0.2931109966731218,0.13079389897769375,0.02,-20.687599415991333,0.9358096790047347,256878,2,0,4
track_2170,79.47541132851921,0.3388936127666504,0.3023446404114373,0.20012886982650252,0.5533746325647163,0.02,-16.234392433543476,0.28989013299431676,371703,1,1,4
track_2171,72.67250257188863,0.5838820320556348,0.21769658367397798,0.7746024465906232,0.2836210840572874,0.02,-8.707895913065958,0.11942350277311424,158540,6,1,4
track_2172,96.01040807833903,0.3097967959086091,0.473780251417139,0.2732067210313582,0.10373156117465289,0.4742050535146823,-9.658680471511161,0.14561075359475442,413204,8,0,4
track_2173,68.50188854131785,0.3324162072808261,0.5816803692847502,0.36929618870186265,0.12598947464848112,0.1015577940206795,-19.64445550478588,0.4171207109643326,248372,2,0,4
track_2174,115.0512710261224,0.6032807462634894,0.486160911839993,0.23403633820509223,0.4135422871985765,0.16703570740961304,-22.50539195808296,0.46949830020783495,179562,1,0,4
track_2175,106.55094964285844,0.5866331861360758,0.6920384860743508,0.5027829161776429,0.27140618424345025,0.02,-14.792759050877846,0.656515676505242,416381,10,0,4
track_2176,119.43085994290966,0.6011884558205639,0.7251894760233514,0.20946735870648614,0.5129107036383835,0.10716399198840745,-16.826054835676537,0.7148430323378039,197497,4,0,4
track_2177,120.23185354914757,0.5473155224918785,0.747854948999363,0.6385868378721713,0.1315971179203257,0.40639683364811396,-16.43536618071403,0.3353980682624714,215325,6,1,4
track_2178,123.0902056028003,0.5048232200185454,0.6816955837712094,0.2601323266091597,0.23997434350485683,0.060226898149440364,-15.663227756634317,0.5643375020870989,158013,11,1,4
track_2179,93.79773189528353,0.8604464100512792,0.7765925289229408,0.25120375213799623,0.1853016528604945,0.25011659603154357,-15.397001670250532,0.08395565795638811,418636,4,1,4
track_2180,168.63430207901,0.3134133862641792,0.55497575097144,0.6671330844058128,0.11603393501650258,0.08804642587529408,-8.196279330305131,0.7994383157977506,174211,0,1,4
track_2181,112.03293349446294,0.5082131577083245,0.3883713348538798,0.30941330640224934,0.3577841204386168,0.10557729278338883,-8.618514299305039,0.7481358639876421,349309,4,1,3
track_2182,49.12545742125615,0.28180751066712595,0.5667852150370308,0.7247823352536696,0.22702631494560005,0.19369684920657143,-16.638308509346356,0.6756577216534356,197863,11,0,4
track_2183,74.92872762701347,0.1127669176758107,0.36549587294430325,0.5147313725397985,0.495781898358148,0.07434093750574855,-16.32805171861892,0.8170579626722365,219709,3,1,4
track_2184,52.784910329165534,0.4284755414356757,0.7284928563992635,0.6897060137286793,0.27320703061328694,0.03737434664793697,-9.226523852716102,0.6055546408535457,281587,8,0,4
track_2185,105.52003887453922,0.9863120361379053,0.8289615132007953,0.5657004483547484,0.45148942190391145,0.02,-12.36413092483403,0.43494667549330923,310424,11,0,4
track_2186,101.3458432784,0.4666479000494668,0.5306793967333868,0.6770720408981213,0.0347567821131406,0.12891926804987333,-8.42333229223025,0.20996577622692,139998,1,1,4
track_2187,90.94722906301627,0.3933757327710322,0.6854752452042712,0.5701963093256437,0.001132842488793655,0.08453424756583808,-10.99033121943269,0.6979462028436526,179233,7,0,4
track_2188,165.32778337201543,0.3068341731384683,0.23219853637447513,0.8593327620975454,0.05817086693998497,0.3152124988778161,-14.185140137873821,0.4919749337922823,227834,1,0,4
track_2189,121.46948622230732,0.8583865544647958,0.2886951229928569,0.13513759411990336,0.6792568688504736,0.030577225258448953,-12.778060771453806,0.42286117557680414,153735,10,1,4
track_2190,126.78295084339004,0.35535575575921485,0.3319218830922324,0.6870491329344636,0.005987109737894936,0.022654426414090042,-25.36659317193024,0.4851331717773837,129827,10,0,4
track_2191,77.0677953617369,0.5548895105499075,0.2665179737028834,0.5018086243226688,0.03623594237943366,0.06408119012555301,-17.765088639340743,0.7402532199646769,358237,11,0,4
track_2192,75.02565326006963,0.4621137439655345,0.8609252060492212,0.2988683363503966,0.14827516369882676,0.11473489856376116,-5.161012073625024,0.43369624392651557,325545,5,1,5
track_2193,106.10416497290865,0.46406683013337735,0.7263784907244757,0.393025977874677,0.07619046239313168,0.17745668858678368,-7.749214518596208,0.7490550775664475,349192,9,1,4
track_2194,110.19021418956677,0.7699518516420089,0.2528994550975823,0.25565992398218,0.3870415195020797,0.06424035125941865,-15.52320721012897,0.17262064624026666,229919,5,1,4
track_2195,49.31065298656629,0.871280418612264,0.7121141196357675,0.6780701203630145,0.3764209499046243,0.09983107778793344,-20.663679602065372,0.676424550610925,260865,7,0,4
track_2196,99.59078931451398,0.7358816739218395,0.5785222823752721,0.37363936334584746,0.17023195361201876,0.20194264031965722,-10.052291559949683,0.8290966176150236,382498,8,0,4
track_2197,105.42216248620514,0.21250026907099254,0.4437747836581589,0.4163415173636553,0.2920262545023173,0.13493788466983683,-25.610643451225215,0.21092527113698922,332131,11,0,4
track_2198,98.54552502686613,0.48269204382595127,0.6682849106964218,0.1981900709404285,0.03500344881528473,0.09142383175943929,-11.12529207198821,0.2410856260804371,186580,4,0,4
track_2199,80.59828762959971,0.5505663687111706,0.44385379553724635,0.23805564056660838,0.2972601652702957,0.23547065196194258,-13.70106664284961,0.31177309868509534,264776,10,1,4
track_2200,88.8139445423658,0.46592939684884654,0.43677410771663716,0.3262156382333073,0.6240111694453584,0.06545213625327517,-15.63995069328754,0.9035003976645075,411556,7,0,4
track_2201,99.69422419281612,0.5902152881053471,0.8295904851722881,0.1443297900123145,0.030561725446381447,0.4345408091035339,-7.658434176750371,0.40929670827693837,312869,5,0,3
track_2202,107.72400070830143,0.5592102675539655,0.1337986925720077,0.17735496922297975,0.3158764408765463,0.34121153978792285,-8.576160460584644,0.576232416299132,175903,10,0,4
track_2203,123.14374747651704,0.3001342197883697,0.7998141583202888,0.26171048834018007,0.31901930056241645,0.09485742867187594,-9.37072822389064,0.4190984566280568,146637,6,1,4
track_2204,137.42568614852615,0.3838741458816869,0.3774035889054948,0.34426975882674354,0.23999661701507505,0.19806009050668327,-4.654141328000614,0.43282617365194026,142357,1,1,4
track_2205,96.16956829418251,0.40129281214834533,0.5923217974409277,0.256952109551982,0.3239766159981702,0.2174895770067255,-17.326399437740786,0.8939024504976395,301155,8,1,4
track_2206,91.31531411653927,0.41451069303415233,0.6910407876925461,0.14098126834799204,0.15728173732599635,0.09182215606056036,-17.209875217723983,0.26185559875657344,336911,0,1,4
track_2207,118.12967020602919,0.33321310692202133,0.5384712914493305,0.40617662928892356,0.4617578885781957,0.16414247825803616,-13.60072458559592,0.7251681014016881,405592,8,1,4
track_2208,123.32534749232562,0.7101795117185908,0.28682218830005424,0.264456924851688,0.2510560819596498,0.20258411427971057,-3.171131320414988,0.8717177170706065,411709,1,0,4
track_2209,91.97398700223343,0.16891355218696702,0.5892253847927905,0.549275053118478,0.6683817892131626,0.05910175679459764,-23.86561087231348,0.3890491664236891,135524,2,1,4
track_2210,128.71180430898517,0.8560666866380278,0.5248524718303204,0.5339323992512358,0.3218206598312523,0.3550514741465877,-17.175812700234964,0.07713797032430669,142175,8,0,4
track_2211,134.3875602346792,0.22672570195956607,0.633247676269375,0.34836561432652136,0.06797343195828363,0.19266489354122057,-17.70865847489028,0.17662309591156267,387771,3,1,4
track_2212,143.7505939697602,0.5868469418510689,0.5614424382695555,0.47865145212881843,0.46775608152912607,0.07175233411496237,-11.025142818857814,0.4515691669420062,328511,10,1,3
track_2213,158.34962720159467,0.5006277106018866,0.19880480654203128,0.46130248101944055,0.6021785379601491,0.0518968161806756,-20.86569660389229,0.18204204823027867,229039,10,1,4
track_2214,79.00751584021683,0.7894813337078523,0.5020463154208148,0.16021562871512685,0.4350592635809357,0.02,-13.598294986161354,0.7952349565019635,179200,2,1,4
track_2215,105.41694627997533,0.5780561426036797,0.7222102574452252,0.21848213199450256,0.0595031842355463,0.6328550405459918,-3.726526129333129,0.777738077867182,225382,11,1,4
track_2216,105.3383308985598,0.5836478445234882,0.6595860812418356,0.6495027584500399,0.11620371041359377,0.05529799332121633,-21.415793320075426,0.20412166555188055,259637,8,0,3
track_2217,102.05779294402477,0.4200020450722179,0.13663326765465988,0.358055349266513,0.09770710960193259,0.08358654102150627,-19.175219745185856,0.7091670968131979,328376,8,1,4
track_2218,85.52211241169591,0.3267342071794007,0.4671408491942172,0.4705880032995359,0.03693165537861431,0.14637794157749712,-13.239845140495458,0.6273507635900206,189005,9,0,4
track_2219,60.433139903067854,0.6666035776613417,0.2131749758844466,0.3765885184443692,0.26220994451154855,0.05659999294748113,-8.501341113214075,0.7268800515060228,389472,6,1,5
track_2220,107.78038338087012,0.8290022698994008,0.7042781490163745,0.07594644998234334,0.0753667825495294,0.025485689617904313,-12.862973043115586,0.4155510314562109,388132,10,0,4
track_2221,81.94933021356263,0.7865850227120013,0.3580275084438271,0.35182664245121875,0.45498242210229645,0.02,-8.249300935525184,0.36557405138015875,167459,1,0,4
track_2222,107.57980442242875,0.42260077049972905,0.6270056108364959,0.14072283367117838,0.3309753106295209,0.07924898445498273,-8.334229544488363,0.2019463625133835,174913,7,1,4
track_2223,81.1786937490344,0.8641869615827212,0.36410424963950005,0.39029458870610884,0.03583253631189358,0.09558962606458304,-20.801925774776855,0.6499974429727315,249664,9,0,4
track_2224,72.01024962466975,0.6818040954756469,0.14172442270822633,0.37771925309571913,0.23222381485541993,0.11442304816802619,-14.850170696064643,0.1297927951686221,132720,8,0,4
track_2225,112.02895081130693,0.3745390237511871,0.3463516121332473,0.3256467996330473,0.13908546762199145,0.03570979040419588,-26.03078098685918,0.603949481414267,153477,6,0,3
track_2226,109.52764580419488,0.6745085426291475,0.48140045979317386,0.44811416031373263,0.34608559776018905,0.22494283789866915,-10.834150842090313,0.34485179966615154,392061,4,0,4
track_2227,122.37845913962799,0.18003541887735117,0.4857374745296042,0.6591272345190358,0.21162969081921534,0.07001052232452402,-1.2184743237995317,0.7149678736514946,192652,9,0,4
track_2228,170.57591299252874,0.8580192748983217,0.9103322753850733,0.6609406539555391,0.23432083896400455,0.1415747809327416,-17.539630559076805,0.7539153937423929,412042,6,1,4
track_2229,113.31868593632541,0.9364361093116981,0.6872199971940317,0.5052017020268312,0.36457377968383975,0.5818116930966136,-15.89316634390048,0.5376778715189662,286489,2,1,4
track_2230,119.55245301192389,0.9024120184505032,0.7969888326266082,0.368999633590976,0.4666029662621748,0.04117472547024398,-18.218767395789786,0.5071207251159932,176398,11,0,4
track_2231,72.67316013398025,0.44073493357213495,0.1514832970871206,0.4765475425440831,0.2681210417009603,0.13474508140455008,-5.057631273811532,0.5454129263909745,411436,7,0,4
track_2232,66.39277678390877,0.22527243700339217,0.4271673868589091,0.5021067919779342,0.27126624754129175,0.03968953208134441,-10.139817003015922,0.6202434736271578,413087,9,0,4
track_2233,152.4848834032,0.21817175138463107,0.31174413795909134,0.4310542011951377,0.5519125474301115,0.02,-15.780629534842642,0.8529693465091329,222075,2,0,4
track_2234,77.29560660200089,0.5327646314789912,0.7918173665058782,0.28305427969783453,0.046862013626357495,0.4962626649206241,-22.235470320520786,0.6236111393392234,336316,0,1,4
track_2235,73.68167785594073,0.6447296758307517,0.15466802115399444,0.13801692748554745,0.08201567447643641,0.17868549892195384,-15.680787709920814,0.17618998176780062,128766,2,1,4
track_2236,103.8270323635034,0.4136656762871065,0.31723597515467644,0.45756042707602357,0.25070570558154165,0.02,-20.376385372619552,0.47116815781621046,279159,1,0,3
track_2237,102.29422759867835,0.4110947614884736,0.1365356113888697,0.1270823033942522,0.026171115665876862,0.0992196108189661,-14.625487152906114,0.5265402513330021,345277,5,0,4
track_2238,77.92480480670125,0.40037897088171576,0.4971989086215833,0.9095686465966752,0.6120560584614109,0.17581382420197142,-13.133733398431879,0.2777940139827681,262410,8,1,4
track_2239,95.850803438607,0.478220613629066,0.29748546026440353,0.2579687154087862,0.13688415677416407,0.02,-19.163086078207524,0.547296465545497,123697,6,0,3
track_2240,141.88127152950312,0.6044964698876203,0.748466233581992,0.7429278871504784,0.7293266797739203,0.02488696802978603,-16.34065303919026,0.7309053660117414,257368,0,1,3
track_2241,80.82019173504608,0.24724231153469595,0.7547091609955661,0.509370804007293,0.5295283794114067,0.2560451657055866,-8.099951092874127,0.3733586932855141,206899,10,1,4
track_2242,63.18982546901485,0.6043841260478321,0.41893888450813105,0.20793306961955005,0.03349986792178854,0.13440562103030387,-17.792645226328254,0.45024173215281116,248893,4,1,4
track_2243,133.27780862699376,0.7053790615882087,0.6514937882773546,0.5631832921864813,0.24967179020855682,0.04150164368167438,-4.497990629688415,0.7067404958753278,293876,10,1,3
track_2244,119.7689073581411,0.7278014690940254,0.5397577781056789,0.3103605831582122,0.7995247846342932,0.20415342611421108,-10.870268667457905,0.4883624358272153,214943,11,1,4
track_2245,86.38444138054015,0.32466067006457294,0.8127371501922175,0.22013849988162043,0.07803843430484558,0.08412699082475092,-11.904074951795009,0.34493998928939534,133665,8,1,4
track_2246,57.53498951619246,0.7026035831011029,0.8801476880096836,0.28360515473019815,0.3605536344713895,0.2695474135339325,-11.139465071770207,0.12071906990166424,247557,9,1,4
track_2247,82.6612993068431,0.6686512585495856,0.37862713072965365,0.3252737017203227,0.16096776169506927,0.10507766385457316,-27.35526511015682,0.3344963254543235,326976,3,0,3
track_2248,103.35886689452187,0.4837771248039103,0.08994944339734319,0.21768628785195154,0.4616062233514438,0.5754724643336665,-8.362022322121705,0.3091495278810656,408605,4,1,4
track_2249,139.97016269651456,0.4945310164816698,0.2120234069195356,0.4866933860749418,0.5635069099423792,0.02,-6.961740642388807,0.5453775866924375,216911,9,1,4
track_2250,73.90254075391029,0.6955554650899933,0.24966860315293424,0.42235666255860294,0.3785323620922907,0.15622153441702522,-10.709934825827519,0.785687326291158,211735,2,0,4
track_2251,102.4644035546558,0.751016309854802,0.49840489912774594,0.025052603574670547,0.47287466158661773,0.24051190555889956,-22.321410887155764,0.45550138869479523,177540,0,0,4
track_2252,125.25433979684695,0.05329946335137862,0.5177421907570311,0.07796158491905669,0.4798408154721264,0.06402338928111818,-11.252439531395556,0.4277543410943141,353933,4,0,4
track_2253,40.0,0.62886474059068,0.5075335392092267,0.3860505091280616,0.18377690656883708,0.22266926282693839,-20.19470441912018,0.24806439047919565,140679,6,0,4
track_2254,136.01358503816698,0.5581753617074219,0.4759393734471927,0.05115080016989033,0.7013612867921312,0.11696228050633636,-9.719050989277914,0.2981308240929342,250850,4,1,3
track_2255,69.52648283380688,0.6622421504224573,0.2570527749659896,0.7904394491775945,0.4085965647840938,0.02,-10.322572389836626,0.6619447146691657,361799,6,0,4
track_2256,114.95986480370803,0.7115460137794094,0.5811963125639732,0.38062921858083143,0.1439797843781841,0.02,-16.19062352789264,0.5021353084014137,222146,2,0,4
track_2257,112.40049448832232,0.1784774614618392,0.5690999532948048,0.16154296897710635,0.6407342875947053,0.22734545781991902,-12.482528905082651,0.7319923115053281,168144,8,0,3
track_2258,137.53759174391536,0.08047975204322708,0.09042997728778761,0.4413334617209017,0.2836239858768545,0.027014537151695876,-12.158306126427412,0.3955879797265895,264217,4,0,4
track_2259,121.52773142680621,0.06636412723190838,0.5332667852208013,0.05178138487010701,0.018884102233830063,0.24116643725541578,-6.310761644344401,0.74847913937551,394509,2,0,4
track_2260,40.0,0.14906939861380028,0.33425893712742005,0.17233994405330588,0.48159941458340727,0.2877406864945128,-11.061997026864935,0.578217738398502,390938,3,1,4
track_2261,81.45662258532026,0.8783588335787061,0.8917007255381146,0.5473781381191052,0.34469399960123676,0.06725971614119369,-19.7965485419801,0.29117055202997977,143327,10,1,4
track_2262,109.1461538805984,0.6742196977119423,0.5925403207549961,0.08656279004884869,0.09578726416641348,0.07799828766311169,-24.542656463176574,0.6038612909003378,396956,7,1,4
track_2263,99.1506034164064,0.714321249061162,0.9101054300428797,0.19897991617579738,0.15180583046867563,0.23967916562461253,-5.700614584235131,0.21666047577787076,214331,1,1,4
track_2264,119.32832189270312,0.5917807221473363,0.7885479739166743,0.5985325901472194,0.5094184016929807,0.30654236875326685,-21.861879656450775,0.5387680022363519,414171,0,0,4
track_2265,128.68099667009116,0.4702770982237048,0.7807147510142438,0.8172850482892234,0.4045060919188749,0.025762032951309695,-20.914051987202228,0.3529640622956328,396619,1,1,4
track_2266,123.25355209289037,0.5337322482970526,0.18396538810101162,0.4004463320322525,0.39956925590914755,0.0882277719507811,-16.725157097660556,0.4155880788073095,204202,1,1,4
track_2267,98.57175172336605,0.693230372997889,0.5634873435769296,0.29700411870043775,0.254153038588096,0.4386363149931686,-16.620395419493057,0.4004085291125542,256668,4,0,4
track_2268,49.609889666385584,0.2420899991281921,0.30588614045577034,0.4360543039512626,0.030854158638864974,0.03163321951160874,-23.418530555578347,0.22073535591177473,315977,8,1,4
track_2269,91.33556253435549,0.37458333755764855,0.3528042091144922,0.40992120306289603,0.012683195194223298,0.37119334601301657,-13.600369013717868,0.21768596829566614,122585,8,0,4
track_2270,117.49104444416865,0.30160660018013313,0.5232578912866633,0.4763926694992702,0.36682215391342265,0.11383440494141345,-21.45348528748623,0.40122824426740894,339293,0,0,4
track_2271,72.28658242348567,0.5375632988261911,0.7353157483840509,0.44071200292033247,0.31625841882922856,0.09789656115590757,-11.622060417647827,0.574993944234735,151722,5,0,5
track_2272,123.93824190364728,0.26529095954918663,0.7531656389817695,0.5879406088215743,0.1975120578512647,0.3489591889517708,-11.04108466448307,0.6111849414793338,342641,4,0,4
track_2273,132.25179891801912,0.787827361962337,0.5095275592126894,0.5260378897229129,0.4107727469457198,0.21583884682567367,-7.3739370678719585,0.39917688697460346,241777,1,0,4
track_2274,108.80600928887527,0.3481724841652623,0.4764730659465272,0.26963756470209155,0.6448326311704672,0.04137345124759544,-11.244666911671523,0.5867685945590355,319210,1,1,4
track_2275,40.0,0.6216203927669443,0.45129711427949865,0.19432443272995148,0.10883566660193449,0.14635214604616875,-10.099956959220469,0.7830173604193765,403167,5,0,4
track_2276,66.6573491186459,0.6621782531575996,0.8628655315325763,0.345436907345141,0.3539793182041697,0.02,-22.856344979023895,0.37884659869145537,240557,10,0,4
track_2277,161.58567475668247,0.4936512807538516,0.61908615833298,0.5450524387770798,0.46952202349695643,0.4017736568777255,-18.934683881298078,0.6187298194652995,132572,2,0,4
track_2278,88.60386620914866,0.5325896127413481,0.3411813354567904,0.19939110003628868,0.5954237062159953,0.09948436821824398,-14.914839677991932,0.7847605940336543,252185,10,1,4
track_2279,45.47570330613012,0.7932977856558198,0.43126153374094606,0.39455289839044805,0.2150119070852615,0.4314216472691582,-8.843458438237793,0.7263541474316089,391877,11,0,3
track_2280,142.05742164930817,0.3147671176577853,0.3649785566112078,0.20213862892599144,0.31827338581244186,0.1069609331551348,-14.29127823363817,0.30423778529066275,125568,8,0,4
track_2281,105.40066774631019,0.41419777818050235,0.21602474998269663,0.3377199649934013,0.6299044487746592,0.2931944656489648,-15.63790149147524,0.1199728707886629,248575,7,1,4
track_2282,138.14821466873175,0.6933221109518652,0.3428439735404027,0.27071291289012067,0.04033118722542357,0.20864797270415664,-10.487108792925781,0.8492802737595244,382585,9,1,4
track_2283,113.30876025658095,0.5698727586341203,0.5774282773878724,0.21013164977056867,0.703722182498678,0.06708407390323638,-25.500668063901088,0.535111999502776,288256,3,1,4
track_2284,118.75677408636507,0.7176436730167876,0.6309937237445631,0.4979724426112284,0.4520591875352162,0.2032246680573222,-20.1354189587556,0.23735117482848692,340670,5,1,4
track_2285,115.89027743143549,0.2521891982704169,0.6234676274050432,0.14979425499252044,0.602779037240676,0.14420827455086646,-12.932520416574452,0.5887057978569421,245417,9,0,4
track_2286,125.92464935763,0.24473794386997177,0.5866193474279177,0.664097922102034,0.21169675352250097,0.02430240977232431,-13.794209332519474,0.7213394344221298,282730,6,1,4
track_2287,173.32291345668295,0.6372903998379948,0.49242567584993674,0.15930618868526594,0.27819361540453597,0.02,-11.167357687069485,0.16690454008211142,250673,1,0,4
track_2288,134.13019007877563,0.3297905925088816,0.5865075079481661,0.6450809382741497,0.22523629852645327,0.11274473073247566,-12.409345422836992,0.6076270512820714,186073,2,0,4
track_2289,57.58982046463395,0.36774512781529056,0.5873461368516989,0.4415135504120688,0.5600733569569645,0.02,-11.61621026814315,0.5391843032067147,309980,7,1,4
track_2290,118.3998454583671,0.7723117277196005,0.5747924716658376,0.44060845212425653,0.4168851421528354,0.038648720781003114,-17.48956955617752,0.43579844199784096,385095,0,0,4
track_2291,139.24442304309653,0.4053427711901791,0.6821019160208088,0.4469218580454864,0.02403026199085603,0.06753512925575392,-5.994945319351096,0.6017065279351329,298479,0,0,4
track_2292,141.08102419608437,0.6583683588187315,0.9415825623870491,0.27383266042657917,0.2192603752955906,0.4165196517706127,-20.341871864110786,0.783499812526437,294052,7,0,4
track_2293,92.20185050822701,0.17571417536261832,0.19710658884338583,0.09540858925222255,0.31707290583369,0.265294667651065,-15.433800373864681,0.3337340668035839,323167,2,1,4
track_2294,139.94833335564383,0.3485970327391113,0.6569132112112922,0.493572758043882,0.7211180982083081,0.17204483627689224,-13.807078338998679,0.42902039556634053,264977,1,0,4
track_2295,132.83227198653617,0.8977659196551974,0.791051486618278,0.3126494194721595,0.7108849563380121,0.2666229877117431,-10.176159339983954,0.7053843183670655,183464,11,1,4
track_2296,182.1755231090919,0.8794020549280659,0.7520700777242354,0.39738274814064656,0.649449437424585,0.035712739677904955,-19.592254700862178,0.7359563610191918,310193,11,1,4
track_2297,82.49994791254466,0.2707965822444865,0.07012189958820358,0.6095293957860438,0.017132572065800745,0.28449941007335694,-14.502570252339705,0.6225954469111442,378411,4,0,4
track_2298,89.77798270798723,0.17260936439436322,0.65577353521295,0.5484114962205422,0.24479936779664202,0.11405539000956878,-7.751430088670445,0.7318372604558161,175568,11,1,4
track_2299,95.81642854620138,0.6611982096696687,0.3290560327551117,0.6177682893935268,0.4001272690332598,0.055660757761971075,-14.029880424595426,0.23526233676736186,357554,1,1,4
track_2300,90.29333549883674,0.15383242317919246,0.3367865712828821,0.6745026986598687,0.07784606985296386,0.34760878487483987,-13.010100946075978,0.286332028100782,357568,7,1,4
track_2301,78.29937750709192,0.35369584981027313,0.619891982085024,0.398281697084954,0.4509455720274817,0.21848327839858675,-16.29803663954905,0.38938165950444015,141991,3,1,4
track_2302,40.0,0.7104456568655555,0.5901627390456744,0.21090331983732996,0.11494870582155085,0.041114101455168126,-13.986521094672499,0.6985607714080428,135496,5,1,4
track_2303,91.95901578830598,0.8339257254163881,0.46161543688987927,0.14927761702588918,0.33970802302531017,0.36603773289076075,-14.175373250364501,0.7378390194908163,234488,9,0,3
track_2304,116.08074179099714,0.4736839045143981,0.22080308998535403,0.4083723399931847,0.5261021064949316,0.07415863768098847,-11.535719768264354,0.47173965403510865,417345,2,1,4
track_2305,90.20334463482268,0.7610673906000948,0.8331531943968623,0.5150427576864866,0.12766227390885265,0.13999514868816526,-21.39685556182684,0.5701803990860371,202824,7,0,5
track_2306,163.0614355058733,0.8185040252218357,0.6164869751650974,0.3323497094631834,0.032031062676409566,0.20457237935995737,-14.825672593256115,0.4764679065475927,167002,9,1,4
track_2307,105.40127438147587,0.1290897223920044,0.2429858366310884,0.560727748322942,0.13105345301958576,0.049189707934692954,-13.160981820212351,0.48565756422806755,157358,0,1,4
track_2308,143.73087165552406,0.9561745686901244,0.55991494216128,0.23598305378598639,0.3316228406750286,0.3379002654207907,-9.199863534994595,0.8511450532525222,364734,2,1,4
track_2309,112.84261238189904,0.6486772994024568,0.15036484150427587,0.17707171821818285,0.02565759423549844,0.04274515429487953,-9.987046291369628,0.2781123701855809,327718,7,1,3
track_2310,129.79221929679773,0.2669100659473618,0.663084406273754,0.12043711571838348,0.15970960480425714,0.06610385302724797,-5.625110570728509,0.6838548784510703,344390,6,0,4
track_2311,113.37724661800686,0.5401850049698083,0.7138277825080266,0.1775795648233243,0.13498557308528916,0.2562563842696306,-13.861870967081996,0.34004522299249157,408044,11,0,4
track_2312,146.06353895710689,0.7461657320923393,0.24142985486708463,0.41523929504587553,0.3852044227599303,0.0684301154838693,-21.814436421274756,0.3969070704810948,370227,7,1,4
track_2313,106.67818050397202,0.26485396863585653,0.1300638326186907,0.24007223788525628,0.2648687508738842,0.04307310736625765,-14.445754146183367,0.38582679174526413,154861,5,1,4
track_2314,119.88362124266357,0.3755532319163914,0.5849755421130517,0.42388351915171224,0.6536789912330118,0.20845727783682572,-23.719987801818128,0.6274150123181275,289036,5,1,4
track_2315,115.98998800950132,0.2510835783530501,0.6062030696556434,0.5857665799001589,0.009049425536839505,0.17885858847301922,-23.763959775907324,0.8395434477514859,173811,0,0,4
track_2316,96.35143625618043,0.7221600677669773,0.5794399288274378,0.5336256382537613,0.13804626214531027,0.14637611571894654,-17.817852928908657,0.7146829587244289,367417,11,0,4
track_2317,117.14946956774031,0.45030789639040913,0.13813321527856778,0.19035227993117254,0.16001699327099217,0.10472901105256065,-12.596724671047768,0.24897396276832726,283509,1,0,5
track_2318,172.03158738593046,0.33068496129820263,0.8100537472284822,0.16363511348826204,0.703710944443211,0.021793796390584312,-20.434642834784242,0.21065306022772187,220112,5,1,4
track_2319,96.88809173713673,0.6822474892384127,0.6460993581683688,0.3997768134994032,0.05259139403553154,0.3160336816538853,-6.017734871547912,0.6193565192468422,381029,8,0,4
track_2320,117.58394678559745,0.4517343729022154,0.840189096787209,0.45828958003170045,0.27400285406516056,0.22434736067341804,-12.67253380973951,0.5981387000076189,281426,7,1,4
track_2321,142.73336852608327,0.23238490818079688,0.5377966733528533,0.383268666871919,0.1547824835716824,0.19620500359540818,-6.561586988344992,0.6946920337911145,394296,8,1,4
track_2322,139.20759842832842,0.7883134795327288,0.33457239897486174,0.6169153285897534,0.044984852800783445,0.07067249845690174,-3.564242627719029,0.20604418447229425,176409,4,1,4
track_2323,105.35149253158096,0.7098689199225194,0.43471101847107824,0.37219237270574257,0.4924123497238331,0.027209146630342154,-8.080856360684965,0.2924241327383574,251024,4,0,5
track_2324,40.0,0.8016467918765398,0.704442849624073,0.6752172601027152,0.5175907989865131,0.02,-16.886874964572844,0.2725085604509256,200795,9,1,4
track_2325,120.50108455945399,0.8832245780733017,0.17580971036918006,0.6818444726402787,0.1731854520928209,0.03116835290799675,-20.305360889190517,0.4956737546506105,198838,5,1,4
track_2326,40.0,0.2872913979846285,0.5796363483149672,0.42688922269416835,0.2059598819172553,0.12690139964812708,-19.68198910550019,0.4610469203116626,237055,1,1,4
track_2327,149.09811692823695,0.5703601097438796,0.7975949603749933,0.5486305476685328,0.43301045976949354,0.03253054636606405,-13.176151786222796,0.6643605007516791,261625,6,0,4
track_2328,110.08421613579782,0.3482482381079984,0.3115947361154842,0.34173211506848516,0.19199401671841787,0.02052307105466957,-16.651710978719912,0.20498980061933708,226541,11,0,4
track_2329,134.99022059615967,0.29359406151930245,0.4748991537794593,0.5495896621890916,0.2334837071252954,0.057236072643818206,-20.222616376175065,0.7134285909764527,353276,1,0,4
track_2330,77.93666585456847,0.2555414481218352,0.7979162407676578,0.610858737053666,0.03471455903720251,0.15768021462762033,-10.447402779230929,0.7962019586607371,213509,4,0,4
track_2331,58.42477580099837,0.5453733094345585,0.7117186855642348,0.4575416337386481,0.18953046952486066,0.14599484552778758,-10.944144837312514,0.32397922323822165,136052,9,1,3
track_2332,112.82263152423502,0.6005933967422377,0.06516574127004339,0.4127816141347259,0.17653550248330582,0.24812621679655716,-19.534332992727933,0.5752162241908952,244862,11,0,4
track_2333,103.99189680131575,0.6317918315451133,0.1773312655953969,0.20039433841821133,0.15444666145042862,0.36460243731575664,-17.354295799287982,0.3186602653522359,360421,2,1,5
track_2334,90.25377521528503,0.6704213596058227,0.17416697976425613,0.28675331142865507,0.26099657239341645,0.11510982311395399,-22.84839361987091,0.4319928662277122,126196,11,1,4
track_2335,107.5398384219829,0.7773995069839413,0.6336424499634061,0.5828118601668899,0.2667428367241028,0.09493898093885463,-13.503878613030306,0.6631346535160723,131901,1,0,3
track_2336,188.0230767609678,0.20616655272417536,0.8954695204281317,0.30087627404265427,0.07832038029106583,0.04977620337453753,-16.745024945813906,0.16655211963757022,190806,1,0,4
track_2337,130.03576642107174,0.9138896107780236,0.3469051032557935,0.30496712382624297,0.06959236419861738,0.05232761564725084,-8.124205391152177,0.40764070273587755,248410,2,1,4
track_2338,136.48495817589958,0.2984243753498507,0.7606490989564729,0.3487747416501119,0.7291627642714166,0.024039754455120327,-14.122358081775205,0.21061713664997794,237299,6,0,4
track_2339,130.31810674660068,0.6402163389114739,0.3001330019009947,0.6822178282830328,0.18357988665081948,0.18223331352081548,-18.62450568909937,0.8499732406871026,414711,0,1,4
track_2340,149.3838643155658,0.4698677149465265,0.4079681090266882,0.3647765881028265,0.13269845646400025,0.07265398208092272,-13.961204650794887,0.8429872904492876,373205,3,1,5
track_2341,99.29784981297766,0.08168953441849743,0.7122046793738341,0.5400552523586968,0.26100362042570835,0.4408232076383075,-15.854339281914324,0.6836017787335699,385993,11,0,4
track_2342,43.357160769741185,0.8229454902242783,0.42938017338813234,0.5339510857105474,0.286435835598188,0.6297012062912872,-18.66402623561956,0.28369462790544175,126470,7,1,4
track_2343,99.3424160098197,0.7840395401821294,0.6342633198343303,0.7477566315658225,0.08911750948072054,0.02,-15.009721004863497,0.6050716887854806,154046,8,0,4
track_2344,129.35207129989504,0.506470929599734,0.3876601276926635,0.4918651737702023,0.16264527538281204,0.7282217248469218,-22.08774229880034,0.5181415650939314,317772,6,1,4
track_2345,75.9059881465478,0.8906228157361651,0.5873303709610584,0.46030239739843626,0.09971811430932802,0.0213465014992962,-13.286709616188425,0.1696210810928048,351066,5,0,4
track_2346,99.7090214853201,0.47793946557874784,0.6258521941551836,0.13111457735486068,0.5822710907999838,0.02,-12.828913497445463,0.3794375142136098,154396,0,0,4
track_2347,84.24690770993061,0.6121526993130542,0.6948282293135251,0.493703901005614,0.130753107890901,0.06935969169263605,-7.770124980917554,0.16412129364339956,134978,7,0,5
track_2348,150.06087755529393,0.4701778920562362,0.16382937577087103,0.4762295387578506,0.014901301902839625,0.10394425622450346,-13.188167333516558,0.6301001971876921,170834,5,1,4
track_2349,127.48371046219691,0.6645817019232328,0.4128057929072552,0.5097250564603594,0.7627587441636571,0.189364775079261,-20.121344874476616,0.09650262998038178,395647,11,0,3
track_2350,124.54621861931878,0.709998138815549,0.35208945302616085,0.43045058317198714,0.25413164513958725,0.05334915575641329,-32.595586277612256,0.7799629374819513,239550,7,0,5
track_2351,123.64803939362915,0.7809230433737446,0.5858375672798533,0.6154485210615133,0.6123149788325489,0.0430175190316474,-20.78434106705317,0.7632338944371041,244625,6,1,4
track_2352,103.88252242343619,0.5064289052470143,0.5365796713284519,0.18319556965950268,0.017794785094529194,0.09923980233462684,-12.225629249915153,0.33041363787902156,126711,5,1,4
track_2353,110.9266884758251,0.3493092734679024,0.8760468949016171,0.5170832330483639,0.33879424267928454,0.06968227567555338,-6.821968854437202,0.8929279582223895,384065,6,0,4
track_2354,69.44446258403048,0.966733537885298,0.9004095212750647,0.68525099078162,0.0014917828287717113,0.05624186442731737,-13.562213975516945,0.6124823242939431,332748,3,1,4
track_2355,40.0,0.8221957445264468,0.7060444135921348,0.28911089939799883,0.045419157054290324,0.23275453454777684,-19.068994749688805,0.2542649000242967,169007,0,0,4
track_2356,109.50243391035072,0.9333160218777854,0.3579037433873008,0.08925869933872844,0.3385438140347154,0.13976303157915024,-12.685192922058686,0.49583573876647996,409648,3,1,4
track_2357,114.71970768816433,0.0882513020348588,0.3892437168068546,0.12564042393237312,0.3374780076563703,0.19337484721027104,-28.62030060772394,0.15041924992142075,348126,4,1,4
track_2358,141.27793705276133,0.5121634469752915,0.6260749347313165,0.24749150189444588,0.3851163695750563,0.19880245367223096,-13.875964287850728,0.34865889696682273,202243,8,0,4
track_2359,152.14007448247102,0.4644839848485895,0.5115104594710485,0.364380449555815,0.8047518159968766,0.16630529193624619,-10.505943458443916,0.6195742881909501,139958,7,0,4
track_2360,152.0999545499684,0.8237799420388607,0.7623039702103938,0.543781420204935,0.15484326075825783,0.07508491403259661,-18.81774304308088,0.3753018007975151,180126,2,1,4
track_2361,75.05929220118367,0.6901293699160245,0.3039558741036967,0.15724271500791562,0.5767248361296999,0.06488608926811085,-8.190778078671958,0.3715061783052465,318163,3,1,3
track_2362,94.43204895150691,0.6096137800863712,0.4089185740913562,0.45100378945822245,0.5489941548678697,0.18738424126801637,-5.578538713336808,0.9308802761936888,264671,9,0,4
track_2363,119.41002887644139,0.4769898290213395,0.18463035097648572,0.3880674430393379,0.37421387007885476,0.032711844819540925,-10.646903052367069,0.28990626913556994,360373,10,1,4
track_2364,180.95714033226534,0.40572525742837207,0.3679804477256942,0.19129617438530602,0.1279140871439475,0.07321093271337023,-11.778925025414017,0.6929503026946735,199738,9,0,4
track_2365,149.40297611141747,0.2545351135838509,0.6308178932893509,0.34427035201416795,0.33368423780385637,0.2137798199345396,-34.87895694874198,0.6280918087497159,255603,7,0,4
track_2366,138.5819148599514,0.310845368860915,0.4531944174780821,0.4649247017675769,0.15351185890433947,0.44029504855538154,-12.202378356880825,0.6199165485327013,233322,11,0,4
track_2367,93.36636133352128,0.5056778054827049,0.06095451103303875,0.13796469343168494,0.5222295571028895,0.03727353747316798,-8.217813851267453,0.5660911290459116,383112,6,1,4
track_2368,78.50401106534626,0.6090534894579133,0.3340706173692484,0.24746283659628973,0.01599060247891024,0.15570454901961267,-14.749407312231593,0.1669014361761382,320749,3,0,4
track_2369,128.6672365014972,0.4040492337096932,0.6045429570263774,0.24970237640805484,0.16013043767923701,0.12506570365742295,-9.112684530897903,0.365637016721726,399414,2,0,4
track_2370,71.9801620729692,0.8623982583840064,0.4952003929029909,0.21735829925427447,0.025743507279598635,0.12059865727363178,-13.16677468184543,0.47826383742540857,362717,9,0,4
track_2371,97.84690947059092,0.5959434554975129,0.11031017220360013,0.2994711454937545,0.00842366818799631,0.2762741625887782,-13.739108466489771,0.8514591911041239,238573,5,0,4
track_2372,101.55666152994232,0.13941337911933327,0.24083254005737365,0.255357306192859,0.29994571742632775,0.061793021805347494,-11.107175885375796,0.3586033989688019,251109,5,1,4
track_2373,152.78736267368424,0.7752644864678804,0.8691762100421881,0.434497435938271,0.19316258805534936,0.10808181685244388,-15.12927156503134,0.5987170774722205,377995,2,1,3
track_2374,94.35908091120967,0.6479618517159468,0.06917801789712272,0.26559360572121227,0.19454522887269987,0.19647360561986454,-18.592128793517475,0.2961246121624117,233921,10,1,4
track_2375,40.0,0.6182429111479482,0.09860650415479193,0.4753110188502187,0.1725606309962416,0.20559677126375153,-15.525595047663401,0.25378100049684715,240428,9,1,4
track_2376,120.13333942987406,0.5411273581529582,0.13165243450822317,0.42173366241604004,0.03887887560190605,0.05266186300633726,-16.120397939453852,0.43518330410813233,210974,0,0,3
track_2377,84.02934440688222,0.4836697422972904,0.6182757410821476,0.5037536640733102,0.29506305932885757,0.13422189204457874,-11.717380639722489,0.21486082600621856,340925,5,0,5
track_2378,106.2789307331324,0.43357841051747376,0.23953963472426873,0.1401348349091972,0.052123703471493005,0.07775769360363624,-19.366263880268406,0.5767986381905563,258742,2,0,4
track_2379,102.39885897473629,0.7568109495040087,0.5038860119098981,0.3858739012915211,0.6331065109847639,0.02,-7.032450092548003,0.3395898421927574,389686,10,1,4
track_2380,96.78888012546695,0.29145516666438825,0.08936887881183399,0.06188412202949146,0.2485238844684454,0.12110786518706618,-12.063098026978459,0.506551797870445,164939,1,1,4
track_2381,128.7102174535411,0.5723211752042766,0.23951226963634306,0.6130671719457264,0.2592139388605976,0.0875789880501533,-6.812146188047151,0.6878975707258856,318364,6,0,4
track_2382,59.014053649418784,0.5409636649395781,0.33010499404866633,0.5189947833559204,0.13281116981115404,0.20532993383286244,-15.514507980970198,0.472941960034854,377028,11,1,4
track_2383,89.4895732513692,0.4844052891577259,0.16198128285142682,0.2951396079334422,0.1770060630942443,0.540437240715569,-21.949365709401683,0.8939737381980393,188753,7,0,4
track_2384,125.52113739352144,0.6833406114252052,0.3615948607889453,0.5809366597067351,0.5044387236143822,0.6782246464775202,-21.389694281697736,0.7928977109383067,238976,4,0,4
track_2385,86.57745673966895,0.8634237301860435,0.7292021870017275,0.45340645587907796,0.16801959792994406,0.02,-17.89263094346912,0.252374017470364,145846,2,1,3
track_2386,56.73579872190084,0.3113212999282881,0.41620473648587303,0.4646187563158308,0.18141837947797,0.18728478676206622,-20.358525515846196,0.31226692488930985,187150,11,0,4
track_2387,125.05666029770208,0.321321961670671,0.31818639865677223,0.4858957849625162,0.09594806190122855,0.02,-23.407996275928657,0.1906561458661967,181406,4,0,4
track_2388,138.69283891324616,0.3458705193188309,0.3754371142692355,0.7173263507186193,0.01741521198290914,0.0746810492093106,-12.878988634247214,0.690028592111747,166114,2,1,4
track_2389,103.6501437707098,0.12723399302199867,0.9019647428814328,0.28096146634612235,0.403285340717717,0.02,-11.973700317934473,0.5869974331337686,197893,8,1,3
track_2390,46.174632045914024,0.523255237413931,0.7059942923788537,0.6218979556392111,0.1532872485645965,0.27951404716684214,-15.349441928154341,0.0696759812867355,182824,10,0,4
track_2391,126.17909240096449,0.46452593733469105,0.366535365602944,0.2205618766887661,0.16020694875913,0.27721235790893,-5.58391120285067,0.5694840415506901,332589,9,0,4
track_2392,55.20336355740936,0.6673441558204295,0.744017740967087,0.39763692707183773,0.16670794645834894,0.13221732099988973,-14.167170614408603,0.360412834796618,278188,8,0,4
track_2393,114.26397830544497,0.7067220314753679,0.703660523901157,0.5123925930935541,0.05853119958443136,0.16023957307877001,-15.977248609481686,0.7883853402317155,374777,8,1,4
track_2394,78.37608525773521,0.36883291669447815,0.346405863617485,0.08692313764831906,0.11037292949730802,0.1024875471746677,-15.780153428776575,0.2010218941511198,171796,5,0,4
track_2395,70.20482142699103,0.4887648972940321,0.5080024044213916,0.7691882210952359,0.11622574792029458,0.11631632896167189,-9.502359057014637,0.6316899853092995,146111,11,1,4
track_2396,91.7426994876093,0.5286020634279033,0.7089388800929017,0.4931168678247546,0.1849480569325315,0.2982023269261897,-22.18065944917537,0.2414361826863651,340846,8,1,4
track_2397,99.50107330718221,0.7361699835421703,0.4449983520986529,0.09395397142883553,0.08074756526729404,0.19407085575234267,-25.00242359089033,0.07954924529081646,415811,1,0,4
track_2398,85.67375248840655,0.2929706574810164,0.6472861513233114,0.4862104048084302,0.21387177742714542,0.02,-12.725471262848599,0.4602119647796755,337000,0,0,4
track_2399,122.66109834645452,0.5311855599959311,0.251325180406296,0.5815877583223081,0.3291883179283259,0.04030124906700128,-12.732954484235197,0.3277827807673511,144955,1,1,4
track_2400,91.61791864623498,0.13229017814076502,0.6031062804093049,0.1594263329725732,0.6368583631780793,0.30796739552667174,-10.453336926425994,0.41510344915155384,340394,10,1,4
track_2401,134.40572615015466,0.14041508601075836,0.6890064928245807,0.9131806416159038,0.4830396193616235,0.02,-14.15519519008554,0.35340404488968563,294261,4,1,4
track_2402,113.43519496930438,0.15985360884575442,0.32168647802557504,0.24746060967254818,0.11832519287484254,0.13958745318637475,-3.4434454065362505,0.13363840694586707,341438,10,1,4
track_2403,84.07328380211075,0.5264542309654896,0.2050263169068553,0.3653418832285046,0.0969959682365508,0.06857657384912112,-9.054813882949933,0.6243961916044991,293982,3,1,3
track_2404,79.02180348503143,0.25014657716254773,0.673547788357378,0.3389344798187279,0.23761944876933552,0.15617667104108007,-27.804547956138613,0.36576455828024945,400827,11,1,4
track_2405,55.57511102857684,0.20522036874758037,0.15960899631284578,0.27409728742942996,0.3339807788831801,0.24933240533298476,-22.231812287272614,0.6325258412381295,367676,1,1,4
track_2406,113.72199533600467,0.32408330762863086,0.30825982024707027,0.13705145905555727,0.2116646848073004,0.02,-25.209486448013934,0.23715694056112482,308173,7,0,4
track_2407,94.36237358245926,0.5392771746996758,0.7276685558235158,0.03029236534790979,0.3026549120244845,0.0373043509288826,-13.531274300852715,0.2425888203260129,122340,7,0,4
track_2408,40.0,0.8243315590750092,0.28107860205113167,0.22451975796892595,0.08585684516236339,0.6851827402409871,-12.855391187821953,0.534882454223658,202987,5,0,4
track_2409,88.928553816918,0.6037551116941755,0.11676298981302567,0.5784016956720491,0.008393689289394374,0.04305532440114376,-3.7450332469901593,0.14736123000022627,252041,7,1,4
track_2410,77.96897912235144,0.25656870918289265,0.6591142380503987,0.6883438337657144,0.23161144749651275,0.42164796143714944,-18.43558249252288,0.5232652031951213,332812,6,1,3
track_2411,152.27032776511982,0.13993726134866857,0.21672156666465697,0.10199648195224849,0.07188527070081002,0.24340025593088382,-19.387364401903042,0.712464199300663,134130,2,1,4
track_2412,53.916641643200705,0.031425719267760985,0.4080106489570198,0.0520211641260179,0.21469139689034664,0.45912648135876316,-12.481730198596427,0.32976259610763436,243074,11,1,4
track_2413,61.759476007978385,0.6122905890959902,0.866921221908681,0.050179179855797076,0.05131012933626933,0.11669283816923316,-20.183813445207626,0.35396299328791386,259403,7,0,4
track_2414,138.299089293171,0.21995969095550819,0.26667423212641794,0.28007255935000297,0.08695053368616382,0.27692509681682376,-15.526244682798065,0.412870299796117,410084,0,1,5
track_2415,145.7028947239189,0.665441242931342,0.33701120244231453,0.4981756970414028,0.03316489321150684,0.05488759840585056,-8.46025325587571,0.5344190884070373,262678,11,1,4
track_2416,82.65051183823076,0.8529506676224103,0.36782600567805385,0.18701567869670474,0.4712913891589336,0.06795928094860905,-9.340234363274515,0.7492478616462389,321081,10,1,3
track_2417,86.03742531573268,0.9154195463872008,0.19142672761536117,0.5349070469085254,0.025942828665830718,0.2992267339959258,-7.6124730070269795,0.9103538500159167,128543,5,1,4
track_2418,123.48706189659939,0.5213147698212182,0.31323606501087586,0.4448287133094832,0.18678923151314988,0.15373990196985218,-21.83405520418127,0.7808894953565935,366118,4,1,4
track_2419,40.0,0.7891145726302439,0.6554273591952842,0.3015234738324137,0.5999422903997181,0.02,-10.653036122808754,0.09537031012922531,231009,8,1,4
track_2420,49.16418946483331,0.47384753459013407,0.35550056221640464,0.6532722834751188,0.07186248628991232,0.16277755610233166,-13.943222812087487,0.532560561136273,163220,2,0,4
track_2421,96.57799797447865,0.21946361965034042,0.6923195949038687,0.6142105243489068,0.22321734493862105,0.1741280781235377,0.0,0.1622281032800184,263366,7,0,4
track_2422,151.4967169838738,0.8405923214466727,0.573723999673231,0.2800947687557334,0.18883632758437177,0.1578621889676405,-9.682743100853276,0.15628401254608046,177167,8,1,4
track_2423,91.92809735499782,0.7790409702308655,0.7070300247810603,0.6265411090601148,0.100711983108504,0.04843316423058977,-13.952856010451267,0.3642582505726206,342158,3,1,4
track_2424,108.02810375205463,0.3104704844996702,0.5803603459800293,0.3467551189163957,0.37453773274225316,0.1128788211196163,-7.8280176046505385,0.7437406678482849,125204,10,0,4
track_2425,139.01367817692037,0.6305726246168049,0.2652772666224233,0.3609455955091648,0.039692154476169646,0.07709553943255765,-10.50367949377202,0.31602248326037125,293758,6,1,4
track_2426,168.2065419983444,0.3304180930878189,0.5980059220046653,0.546133604933169,0.2314070832010974,0.3887123099290789,-9.432216158849267,0.36869969155602234,185997,0,0,4
track_2427,87.69454580555063,0.7648865130148863,0.5703567660146635,0.46457670651051497,0.07953411463308567,0.09344058246758032,-10.926708858457623,0.4688715137663155,315724,7,0,3
track_2428,104.49489828799722,0.4560509734168133,0.24246097346312775,0.23333108863231705,0.13541065156636317,0.16108809548593434,-16.250021352809352,0.31870980065778165,344860,3,1,4
track_2429,159.6616566402853,0.7908077016438034,0.4464417305310031,0.4858041347446173,0.3887348446021213,0.1229946213900865,-16.301987388999567,0.7339111543361732,344202,11,0,4
track_2430,59.33402174425715,0.6651971066952048,0.26857992955483406,0.3179846550964036,0.722202629593857,0.02,-9.775628596685676,0.44090820894593663,414213,0,0,4
track_2431,135.82743211661466,0.6187246588637612,0.6404878876864529,0.46500645713386707,0.2146563489633515,0.0375141533168046,-17.715994763759976,0.8559556364219344,402666,10,0,4
track_2432,74.45053402916226,0.7368865707845226,0.7633959438532274,0.5480914324084263,0.3274208650360559,0.02,-12.911361129019708,0.33535216057364475,187429,0,1,4
track_2433,108.0741710130947,0.1465787622070365,0.5514911219199485,0.09199553099557684,0.15570633427129463,0.128238186278633,-10.931557632780706,0.3661545894426898,241087,4,1,4
track_2434,97.72142857799177,0.3587691698717027,0.5660175556457551,0.5897049645365847,0.2949725155605981,0.2916735303653845,-17.376195107326254,0.33423536118276453,416152,7,0,4
track_2435,76.25965197896312,0.6770761439960569,0.1059257641993895,0.42997323353405564,0.1690684106779994,0.03329787224327047,-11.25884350917553,0.2765523673045052,264383,10,0,4
track_2436,75.50694217025175,0.7519330803006326,0.37259420217811745,0.27765460217992005,0.26513770457984703,0.6348957328778246,-13.768573032459496,0.5808730704632593,137281,3,1,4
track_2437,113.29243092761263,0.78859216606426,0.7814097752638702,0.030903587629593336,0.0005040915070742716,0.345464677511564,-16.2255766959824,0.7999059124904928,419062,3,1,4
track_2438,134.86617984488046,0.09903642861855456,0.5075946640370361,0.04226308329265347,0.290258741988633,0.08201499684675831,-9.307618360524234,0.09058653548714933,332910,9,0,4
track_2439,101.1079139043449,0.4853622967771566,0.2908919705279824,0.7689785593305054,0.4067821554873653,0.15204509831031446,-21.49465481436865,0.3657087231065909,223510,5,0,4
track_2440,107.1033947619965,0.2517355988160982,0.22046605835233266,0.20400454272713733,0.12195251824118673,0.2986281617062075,-21.529083737819086,0.314607462310529,145154,3,0,4
track_2441,122.13522198873142,0.11880885451594622,0.15589226075054222,0.48539181591044034,0.22031597027914854,0.14655931512895132,-13.663360983986507,0.15538683278638776,330089,9,1,4
track_2442,75.8514368096112,0.6178741649808609,0.6832496892469778,0.6726337464896162,0.16092579892509754,0.030738969970552338,-20.669301424739206,0.32863232290729166,203758,4,1,4
track_2443,127.1907752523877,0.20111741768516836,0.7474036312687028,0.7335401953791624,0.2609431307599344,0.22728344724832816,-6.201173967696392,0.8747909771245268,389036,7,1,4
track_2444,129.5802929117924,0.56579058403113,0.6558895127762504,0.7366408467754888,0.4434985609628928,0.3518056805688307,-15.93280374548595,0.25168366694247685,279656,0,1,4
track_2445,183.10878896251228,0.36153429238597595,0.41191466820844735,0.6346241988234528,0.16729962584548788,0.106284325477665,-22.306633590310575,0.7537013415850636,178655,7,0,4
track_2446,93.71687428321253,0.5810894057111189,0.3693115357039073,0.2165904901037447,0.13725622716084615,0.02,-14.891454298373313,0.5045250505159602,175225,9,0,4
track_2447,91.25754594995617,0.6571793343688924,0.6636719934235852,0.14751696876013878,0.19251490913514402,0.15088431813190661,-3.2535967309518163,0.33051295652331936,179667,8,1,4
track_2448,128.06897614721237,0.4569335570127363,0.6313329477597179,0.22418279459708784,0.04473347898031727,0.22755811784250882,-19.23593984716009,0.33979261312509634,282308,7,0,4
track_2449,129.57312506736415,0.2594618249815837,0.8230247164599176,0.11094768536676547,0.07285299656069465,0.16557337950547116,-17.658787140184486,0.21886378886479854,282460,11,0,4
track_2450,88.94738539869864,0.8218691008480689,0.8891307663248397,0.0691653537687064,0.48977004501814647,0.10833220025794606,-10.607781852424175,0.52031243002965,333786,5,0,4
track_2451,92.90511969209854,0.1594757760824341,0.34824240644626153,0.657437973362665,0.024697464499885514,0.18279636000394858,-5.513381428948607,0.5275640097226254,355240,3,1,4
track_2452,121.23392514654121,0.23657687341549832,0.3234243587793038,0.16461835581038,0.6640022111308105,0.04358476095451493,-19.931322583772257,0.4289153006436261,417801,9,1,4
track_2453,80.17247277796017,0.3501671526133746,0.4970104532740253,0.1436262194415577,0.032211310721104676,0.12666186440362212,-18.49971527943283,0.8924413658136001,289966,10,1,4
track_2454,92.68398035954955,0.19595609691432397,0.46826663344608915,0.6359228007517895,0.005061294962398781,0.11954397066041947,-23.248412141059852,0.7213090821534219,309155,3,1,4
track_2455,107.68778302105304,0.08697823635804218,0.40249966757114736,0.3111513141815713,0.59666399098728,0.02,-14.068678414849796,0.11465490033714636,127358,4,1,3
track_2456,134.87816054466774,0.7410724961035958,0.40784386045700755,0.6686619672666397,0.07825685059089557,0.16648069186944364,-12.482848338457156,0.6804823967382271,312718,7,0,3
track_2457,86.86204151461378,0.7588118500988033,0.7135117835329755,0.5303717288793144,0.05337283466755044,0.24784820216094416,-8.495910533226517,0.5085775779620283,268585,5,1,4
track_2458,49.72846613907984,0.4722335043017679,0.7847017094873976,0.5373017841770251,0.13699950426764088,0.07200720296591843,-11.400801777671527,0.8692424200300736,357913,6,0,4
track_2459,47.502075974453675,0.45123385066998,0.7377652610040472,0.2672813553321459,0.22989107229534672,0.022367203253858534,-13.33685691814062,0.1671190721879452,221260,8,1,4
track_2460,67.21760799881599,0.37656794631205,0.7734782895120217,0.34903498154984536,0.09980836513562397,0.23105401158084227,-12.405606433176333,0.8503414875566692,186883,9,1,4
track_2461,65.60496845400189,0.6511563630309738,0.5470933674763517,0.5084727089543737,0.006024948001247561,0.0780790121054757,-10.38218041675135,0.1656697689304794,221313,3,0,4
track_2462,100.36167724140273,0.08845499288654379,0.15396528869122816,0.4809392505147575,0.007395870583124156,0.033440183250578626,-21.05889157102914,0.7808904842768747,391045,5,0,4
track_2463,69.33359539207186,0.2764093749606683,0.2794937805024398,0.14303086055059241,0.11625230250212686,0.13811462691845677,-12.439310054646946,0.4905078789806005,139333,7,0,4
track_2464,83.91735120536387,0.3162174793719343,0.08939303593366896,0.5589114521025021,0.08170719674644264,0.058311090464960844,-23.934079358455456,0.5226862016807133,305436,6,0,4
track_2465,81.7774234505385,0.4838955297573504,0.5119182954615668,0.40544479946612305,0.30167558559834795,0.1213531709213139,-7.114584209835922,0.7460622960494043,401925,10,1,4
track_2466,91.7847641745602,0.6460800106021676,0.5552877496122118,0.9275166744178424,0.249527359321285,0.37128064379268116,-3.1437274905417745,0.02459917898242597,196902,3,1,4
track_2467,144.67512994569367,0.25954354241383853,0.18606532234946957,0.3972664366327317,0.08708489686224274,0.12846663662485303,-17.466581624283453,0.6082099535373477,357820,7,1,4
track_2468,124.8584276829155,0.8144932802500094,0.12732425108749573,0.23400162232258617,0.0404417095326061,0.10372926149737882,-12.070683592075493,0.37648556307073655,256427,10,0,4
track_2469,105.48388245828012,0.37360003160623634,0.6154573661718563,0.17072738001007567,0.44960006846710665,0.26131193672880093,-9.107890794994045,0.27833556270487003,131842,8,1,4
track_2470,91.16921158257486,0.39409946585015654,0.49672093005305507,0.6722489171446696,0.09798187625372255,0.0732037066057847,-4.620393861789607,0.8280216413495564,277780,9,0,5
track_2471,92.00302030130936,0.7186052843718423,0.38030114266300374,0.5725612998051808,0.27474063682598443,0.12063764298092712,-14.748384507376425,0.5539344699503345,242482,3,1,4
track_2472,114.83239409855848,0.3940791880175062,0.8429790053197563,0.7338975520683789,0.5091683840846929,0.21954972299449896,-18.186077107892334,0.4761686142686884,123812,5,0,4
track_2473,122.5250722005687,0.621269940511616,0.35785293802819407,0.24890725416081963,0.062451498683459394,0.2630499583451158,-11.142141029308078,0.2626683221416291,153216,10,1,4
track_2474,77.77147481698199,0.41341889278325566,0.3027003553705707,0.6839921844974489,0.22038286877265983,0.05835751097849044,-6.039423122776677,0.330181572377436,207942,4,0,3
track_2475,106.09442266842694,0.11621799208326855,0.42146615099722307,0.24282740780439663,0.1695845300390693,0.07947907497756554,-13.492369033415393,0.5304558631409596,267950,2,1,4
track_2476,44.05141294010919,0.5958807949649391,0.040114580329921094,0.46009525473697543,0.38329509123426964,0.13979347680738988,-5.855381891204804,0.6055813510413264,180402,4,0,4
track_2477,111.3514135251179,0.14588918841404727,0.10892731649575824,0.18591176640016285,0.36403817255218873,0.0784670768083361,-7.899418942317537,0.8995298635717482,184258,2,1,4
track_2478,127.86447725876059,0.7835202979041481,0.9716094989636367,0.44458180683617116,0.2529082792072672,0.4487012007316455,-9.547591375936562,0.2846780950521676,294924,2,0,3
track_2479,96.59794119357373,0.7783325673716548,0.5694219166140468,0.4122738285681037,0.2982263199448673,0.024934551141501747,-14.144335000063357,0.4272940032246194,135822,1,1,4
track_2480,159.49580988420317,0.3516348983314394,0.8022360669945524,0.9660852651951554,0.2703481110908838,0.05586737253471119,-15.430825166815476,0.17216702096751269,385124,7,0,4
track_2481,78.56284657691849,0.8084307256596771,0.8710902770073069,0.3921682210226015,0.11889515131327746,0.02,-3.657201539332931,0.8927083798415699,370116,5,0,3
track_2482,111.52321245909783,0.22818943007817963,0.9386259663533714,0.2204607339231207,0.08760211657863552,0.02,-19.203732087119157,0.35312857777715057,398686,7,0,4
track_2483,103.92525760002134,0.29948311753160967,0.9162895040937274,0.47142255715221065,0.11927606067318594,0.37011267797382136,-10.876912261962005,0.19472204546230257,206075,10,0,4
track_2484,101.99106997669774,0.4651395265288902,0.418130422387795,0.44471837898410377,0.15490289755427547,0.32821032255375804,-11.301198111336522,0.5216056827158012,141122,9,0,4
track_2485,101.57033495985758,0.19171353858810686,0.38654145564027587,0.5208680325311082,0.32304355620510183,0.3470533245304351,-11.896962251627563,0.274213283903856,365398,6,0,4
track_2486,108.21315090028415,0.07380305465819934,0.2850546459481817,0.6554317882486376,0.7438293044373988,0.19961067274850697,-20.48073532288225,0.41349292816469846,414664,9,1,4
track_2487,130.438762303911,0.5524254149812488,0.7946808314399433,0.19488416359987423,0.5514877633854761,0.0704828652260211,-13.520822172589591,0.2403938727758105,214163,6,0,4
track_2488,146.33208708824233,0.522268949698097,0.6311315645766781,0.05794544227012893,0.35837976585232845,0.061669604735004345,-17.174267300994096,0.17837608548709127,140150,10,1,4
track_2489,104.93249266487528,0.7182600437640245,0.26230130982829014,0.38654765025547166,0.008968606430603038,0.2607068837905815,-8.388091851535926,0.4426451443588473,374507,5,1,4
track_2490,129.45948216514898,0.696176951855197,0.3775590783062235,0.6988989967805214,0.3656376856112053,0.1712857984675675,-12.457256213888089,0.6524096961456752,351545,6,1,4
track_2491,83.94699161199652,0.6402125009800982,0.5173922569560985,0.33910184682155925,0.38008026215244195,0.0449247707912176,-5.077958336841073,0.6749364759506854,156545,9,1,4
track_2492,127.97866358178699,0.825248564213356,0.7809043414806314,0.2517561848128556,0.49668741946213524,0.22080123865470458,-5.361238775475707,0.24656011625132976,289444,7,0,4
track_2493,82.1402542851903,0.2089291107998951,0.572145106935858,0.2390352851626042,0.4120102849682604,0.3117846771284949,-16.363283812618956,0.3063072685219184,249433,1,0,4
track_2494,137.71979808264396,0.6457532084766564,0.6224321748294769,0.685849245569379,0.28673498174738327,0.13753888083118104,-5.360497940255403,0.6902837152518694,132458,5,1,4
track_2495,171.3192263217972,0.6557634598736499,0.9465648624328851,0.42082960425518723,0.3271045522728716,0.03813696215731658,-17.676758835642993,0.1010649814679297,392826,6,0,3
track_2496,101.33748336085824,0.4186102769508088,0.49569353390424026,0.5292073198439662,0.3504616626976376,0.1814819502212026,-5.971541384449999,0.6719554141372803,178031,6,1,4
track_2497,40.0,0.6004485591233586,0.42039291989116556,0.41915866498264154,0.21845610060487033,0.4542275377096466,-21.025239594166788,0.7315736976323031,213020,0,1,4
track_2498,88.55781200265531,0.3140771774116913,0.2298674754430587,0.2635454676707605,0.4120626933673884,0.045923161186261406,-5.053310558378769,0.5123601524209772,231353,9,1,4
track_2499,141.9562540286791,0.7308756414391335,0.7830498397113509,0.1773420135041959,0.11957461390395094,0.21543296919773383,-18.21354067478034,0.36596718945823603,162909,9,0,4
track_2500,121.59230361075734,0.9172300887251368,0.654167172274529,0.3636088517774459,0.18784879729350082,0.02,-16.010359834895876,0.21626247000830742,347317,9,0,4
track_2501,112.46740796025088,0.48171187988669,0.8672387580483212,0.20336963793058394,0.20014934236788032,0.31704962262042563,-15.01692841831205,0.6507993697298107,291951,9,1,4
track_2502,135.26005067864517,0.6721869931697004,0.7178480798658509,0.43540721867324267,0.5187177996331883,0.3548466316984197,-17.557425646412973,0.7201764121676961,385347,0,0,4
track_2503,119.53360317745266,0.19931441329329538,0.796234745044691,0.5182283528762339,0.09651812723441464,0.2220342433351363,-5.808165105124921,0.5040067213080902,238263,1,1,4
track_2504,141.53175562353408,0.5481833559744097,0.4069714702383316,0.4857725553078246,0.11365047835276039,0.18081143357440216,-24.219302305483538,0.8249438340434365,226083,2,1,3
track_2505,132.58271029940957,0.21445285066132658,0.3261160543433209,0.36869938107942923,0.26462467601830886,0.02,-10.90829900310407,0.8284180511481273,151834,9,0,4
track_2506,150.65101358210876,0.3199489333842409,0.7417533462727744,0.34286546194260165,0.3486569801681615,0.34013065181791813,-10.369928796489503,0.861799063783119,256036,3,1,4
track_2507,115.76388251718762,0.5767802498087224,0.7257777978181137,0.2717360641974411,0.4949930475741991,0.06543308083804915,-20.27006467388999,0.613254887644821,133755,2,0,4
track_2508,132.15778204481865,0.466353420450243,0.889045708223275,0.33009977379657873,0.07204426863703757,0.02,-16.693571537431882,0.7418672250411915,247225,6,0,4
track_2509,95.78618780742644,0.33155863743799174,0.6054525770064404,0.6065179232012402,0.046192958768369374,0.16267963992947626,-19.968134147826117,0.5132444656473885,374792,10,0,4
track_2510,86.95617565322982,0.9756657648712574,0.27486711566875727,0.5108433508845059,0.12412223097052533,0.049929559148956616,-15.917380364127927,0.4192555572292792,121526,0,1,4
track_2511,156.2030292125692,0.4342300619977114,0.23880780829995857,0.6759781135320387,0.19757454145376815,0.11832191775386673,-8.54439490073913,0.6108084274240563,361205,6,0,4
track_2512,111.48614028968063,0.4914036918225371,0.7237340217816618,0.27275826734558817,0.4627165401438971,0.13603519890285218,-16.26923394032756,0.5387973955375205,197981,1,0,4
track_2513,129.14641697587138,0.35946131636683365,0.3401733251466717,0.6873554634896322,0.03856024533248898,0.24155775395451196,-12.274582003640052,0.5993426819718329,159788,4,0,4
track_2514,108.7122004323417,0.40522557660921055,0.4324584462800123,0.4501838575764036,0.1171213956551187,0.13663478723960454,-14.609166745165972,0.4357353664275238,300970,4,0,3
track_2515,87.40453047240106,0.45920416116705526,0.24457875909768662,0.6471367206256289,0.25831428070926565,0.02,-1.9510707475160896,0.6807481434818539,410005,8,0,3
track_2516,105.32948677747204,0.4352900689404714,0.7842336663214431,0.38294246306034607,0.18505350792367145,0.06383007390238449,-13.215472413641967,0.20177893542821423,125858,9,0,4
track_2517,148.0798205330314,0.5882536516163127,0.6357365685817208,0.4917201140867829,0.11277969641424218,0.10693199099436207,-19.14243104054063,0.5544445033043982,155100,1,1,4
track_2518,121.65720222838272,0.730221364812815,0.7577310462744618,0.7474180892894797,0.09531941432598721,0.33529186605299316,-12.555828343359028,0.43190183531664667,168716,10,0,4
track_2519,53.65580520808623,0.35352226996981034,0.30369874857230195,0.3993347715134719,0.06929243040134145,0.02,-9.809812623750888,0.7893183847816606,171156,7,1,4
track_2520,98.54266630271536,0.4171352833348678,0.831820381951258,0.710640018511388,0.21373541007765892,0.18905993618160258,-17.237949899138425,0.7320206341043514,225167,9,1,4
track_2521,158.46881378114136,0.284245367588995,0.9252397292283776,0.5953911163778003,0.034551850982836856,0.08555549278377822,-6.25921214809148,0.891868051603809,359136,5,1,4
track_2522,98.58609414450132,0.362896067887446,0.7041572250604674,0.2207233457673757,0.21670185963523733,0.1258986113324436,-23.71143811701672,0.1260171729476772,251612,7,1,4
track_2523,50.98563924797458,0.7863206501826366,0.6596344081223391,0.055447405205112835,0.3744367266590973,0.13779432150004445,-16.556379935447225,0.5399188623096415,261533,5,1,4
track_2524,161.7914665626763,0.200846841015781,0.44582805091919814,0.6241208701205737,0.2623442573165487,0.02,-13.875324123914766,0.5651330594243008,347723,0,0,4
track_2525,125.47177529438378,0.10393861098174685,0.5513496660742305,0.3329796251109906,0.4050588922274182,0.25030934548517564,-8.12547187770964,0.6177978622384789,228956,1,0,4
track_2526,102.89961423561599,0.7450908122298452,0.3398869230362321,0.4208635745403837,0.1967541686840959,0.38956391474961527,-5.523941429966911,0.6833877157497109,381341,8,1,4
track_2527,93.85746791753795,0.028721146660703002,0.431067809296408,0.29052180964351354,0.02577781850251702,0.07951837485407712,-5.6671258440284635,0.6682553446957233,140037,9,1,4
track_2528,137.47055789375207,0.5116682547372643,0.5759160547323271,0.15098150621298528,0.23675513069820153,0.056586447687208156,-13.032445826849232,0.6082422930806971,144425,3,1,5
track_2529,88.74049799321422,0.8946308246577076,0.17641044242634055,0.6455591576320651,0.2566287031843491,0.09347102502803008,-7.200804043981267,0.2882462081673024,347178,6,0,4
track_2530,139.44769273547965,0.4600839274688982,0.5170975049740613,0.1796404460039936,0.46174611287202727,0.20100415458814447,-10.005087998489763,0.5075646596789651,350856,6,1,4
track_2531,121.26585857172768,0.40290466871074515,0.5355863297404808,0.32419337609133136,0.13134502760527197,0.19448481945107418,-13.21621979688128,0.5737550115180365,198171,0,1,4
track_2532,112.3404577646205,0.6674462406121431,0.6685425126716222,0.37620615139397834,0.36158016213069777,0.0368812061518284,-16.993135787328256,0.5628477879342858,282764,10,1,4
track_2533,109.36544416006787,0.062305054127677624,0.6575320703679468,0.5315227863570986,0.09958678680986734,0.1313934765921023,-12.58902314351432,0.6827992008429525,391037,4,0,4
track_2534,99.75095889857465,0.21456791053918994,0.3669939262265788,0.4776190850837835,0.4318010784658684,0.14173919701850482,-6.402193370143559,0.8632221623901521,154312,11,1,4
track_2535,136.36920360627798,0.49036805693970864,0.40389779808692927,0.33974512425347453,0.1266726411579756,0.03885419546570238,-13.472357182488238,0.550327490631422,133799,11,0,5
track_2536,79.03971503694498,0.564640712481902,0.3159621690191422,0.6224057906724101,0.3483976463347953,0.13774610397192524,-16.274649074764078,0.32126487479536187,162274,4,1,5
track_2537,56.34224619509372,0.18854689492388882,0.19484319823602286,0.13812658770925101,0.42571334855339754,0.02,-7.056242990927517,0.4257651565898557,186844,4,0,4
track_2538,123.43320368677423,0.5112107617449664,0.6909152049205547,0.6682579801453485,0.2383614943783945,0.02500584006453958,-16.63373465163954,0.2911251608766188,315977,4,1,4
track_2539,123.93714984201443,0.9254491379021943,0.1845765899733078,0.3202279407158071,0.2836685901399181,0.02,-10.64827868978696,0.48828365583611416,298503,4,1,4
track_2540,119.407234575353,0.4145612101151993,0.2580589396750587,0.3722857502510702,0.6684924001556607,0.7641633117999079,-11.659013025038831,0.48435787524924184,203405,7,0,3
track_2541,117.23185108854116,0.8972849317150468,0.5149846133755203,0.1929519715171508,0.08138156725402892,0.07702608479176357,-8.568074651311159,0.4329464174101228,278211,2,1,4
track_2542,95.38378864987357,0.7396115875374466,0.25863626201673884,0.10849237496854151,0.15546403046535792,0.02,-9.158953728515847,0.9034380183115731,417316,9,0,4
track_2543,128.62448113156574,0.3599411980036703,0.44712765750190736,0.0911633872411162,0.7084086461126521,0.02,-10.007120595239035,0.28678485323252434,323665,5,1,4
track_2544,103.63325619736378,0.8033720927186677,0.49944229781053334,0.460838527104411,0.31458297637788046,0.08901718341693644,-15.939329867571306,0.2739939076241754,120442,0,1,4
track_2545,90.38659317554466,0.5261870304743919,0.2425979339345155,0.2659287200390713,0.4278669522117498,0.054574792005282834,-17.08741784457699,0.05970120763433781,277695,1,0,4
track_2546,95.643260632338,0.3783956276893278,0.5138125088611215,0.44472923993021823,0.07184679810279987,0.16017442107462784,-12.048189037784509,0.23323358013298312,200184,1,1,4
track_2547,165.61919096327495,0.42429364711873463,0.7448415439373858,0.20842841574106685,0.406208361528428,0.3294780694183654,-12.565630057578236,0.3761708632040202,260194,9,1,4
track_2548,52.950717538637015,0.12238133774773452,0.46248665574975073,0.42312171630232737,0.011984106243006406,0.3061485183028042,0.0,0.15761136715855734,157641,11,1,4
track_2549,119.99364312887397,0.28110639291491063,0.6924764710735962,0.450797685496352,0.0035901751788167805,0.6102070755248582,-11.850459078545061,0.20866467125542598,229898,7,0,4
track_2550,54.62668717128848,0.09366081742907195,0.4541467962133679,0.6503551508053285,0.9433717729390543,0.18735736017717206,-13.434026954699606,0.3859522683253513,159826,8,0,4
track_2551,101.7529998503108,0.5077873713630799,0.84400133130428,0.7583509310686662,0.28954272262330727,0.34179320586461204,-17.370127297953957,0.6090130352246115,175502,3,1,4
track_2552,91.99117544537437,0.4299920144859979,0.4924692672712258,0.5070125131184243,0.2734346137960228,0.02,-20.089326345405134,0.5116694016650032,274884,2,0,4
track_2553,42.44915109960366,0.22956800057254975,0.8941632589211134,0.5480754461238081,0.04104353843835548,0.10031851246632846,-23.019546793880206,0.3089992510729987,347305,1,1,4
track_2554,116.6711277130129,0.16114570788022042,0.931115174823601,0.19509977475076265,0.14260290075856613,0.02,-20.410218707790072,0.44706606643299696,370528,5,1,3
track_2555,93.59885813423412,0.5863122869402888,0.46750736670704257,0.2841600614328823,0.3150522133539281,0.3604969051380925,-15.709853242005764,0.4806998817480756,317425,8,0,4
track_2556,42.023809723162685,0.8439407602656226,0.8757377790334616,0.37198336281856414,0.34071358102568094,0.23266975611409338,-8.174422212059543,0.881628539915026,377677,10,0,3
track_2557,130.18704272322756,0.38042557220271644,0.3485473789097456,0.4686833168327165,0.09493346422842151,0.02,-11.450008133167344,0.2663703356010898,226603,0,1,4
track_2558,148.05018533966805,0.7005327677025563,0.343170784466525,0.15199686479245889,0.062145657871367284,0.11155495914913054,-19.854118434442185,0.20200673411093387,399141,6,0,4
track_2559,149.70373026889717,0.2651203295387347,0.26252545262323984,0.3880804613832556,0.035682847241470694,0.2815978187251854,-17.612274892690394,0.868313822189415,137383,11,1,4
track_2560,115.76869321954413,0.3284996303913182,0.3010712085177763,0.17912010478063642,0.7927448394081011,0.05696220722396817,-14.638488880116226,0.19732918879272587,310023,10,1,4
track_2561,106.38174415731346,0.8231626895497064,0.44213117042737415,0.4805670253752302,0.27119727601259663,0.02,-16.04201962533987,0.29344610321317965,300090,2,0,4
track_2562,144.8446986268739,0.49759487485172976,0.8402502756414041,0.3451703377268459,0.5883320673406222,0.09683978774011127,-19.102056794879633,0.7062955741591561,152119,6,1,4
track_2563,155.47150756020295,0.3062577605460247,0.8071946331045567,0.31874483231639444,0.13650001851193908,0.1396310270049596,-28.751471601619897,0.4160691096775522,313777,1,1,4
track_2564,139.00706108626875,0.12569369486659063,0.11060933349312639,0.6195086341941921,0.05540536520360509,0.07156569616993491,-20.360223178227088,0.4792360622051761,255304,4,1,4
track_2565,76.75387193310597,0.3087613530286204,0.51470429655844,0.4106958546550164,0.696268985625054,0.04807834497638918,-20.03187108456212,0.1807938263478174,415850,1,0,4
track_2566,111.04034559644765,0.024313551132509374,0.21722551325942174,0.19163402504331145,0.11162216181619387,0.02,-7.1388209970768965,0.6007930913676395,292113,2,1,3
track_2567,118.18548432874286,0.35697056960131895,0.5340237960339311,0.25794868429988105,0.013625965679000967,0.6255806228320459,-5.599875407935297,0.6979073258662721,139614,9,1,4
track_2568,50.71149093248312,0.24056365126261353,0.2970772757305663,0.4827219651032862,0.5446791481559026,0.2246364482572504,-25.242417111792015,0.17435669389076094,333213,10,1,3
track_2569,119.08081978862322,0.603541937143687,0.4492399435671147,0.2109292311006636,0.32254604383395136,0.05280681603837707,-9.466792544584196,0.2977289659726101,135823,11,0,4
track_2570,173.18975477938167,0.9699478574210291,0.6060741870455512,0.45312515434683,0.28708234184724146,0.07756162522937508,-6.677320798399688,0.9082822676353207,289364,6,0,4
track_2571,124.19808497402374,0.6791600574138472,0.7748247178906601,0.3672551408995483,0.2886480625550535,0.09239343795149853,-18.605647164258016,0.2229311159929092,339341,8,0,4
track_2572,149.20239244325268,0.47400477074365194,0.11830749558422851,0.5906916618812853,0.13187687154988345,0.227308124974338,-23.750075836921383,0.7108463299451787,196021,6,1,4
track_2573,110.48744190386115,0.6109663719619204,0.5387529189124669,0.7992387523708014,0.31143281645010906,0.15616120311481424,-4.147829112350667,0.3335907360936076,419094,10,1,4
track_2574,102.80345028048535,0.714902087711971,0.5660176765153845,0.678913726290127,0.2638021596209259,0.34752344679869523,-15.122063900557578,0.7106578595635891,148342,8,0,3
track_2575,116.43814170242926,0.7269003281097227,0.5072435450805892,0.44383820220536613,0.0836668693996986,0.11176186682551582,-6.341356270201709,0.6089355771844801,378046,4,0,4
track_2576,80.52520056046703,0.5000799070218775,0.5807934245350361,0.5153208507697224,0.22798496027560983,0.07112303226039826,-13.48677805736444,0.2803717187639594,245955,9,1,4
track_2577,76.08674438296833,0.2913503173267303,0.3856196498515907,0.36632268815154,0.44815875976761316,0.04642635020958685,-5.153867473941098,0.795391759413611,359028,1,1,3
track_2578,142.98913671508097,0.6032974059766442,0.9161908428133273,0.3866842039585469,0.5642063669458486,0.032823208545854285,-11.219400257078679,0.8918247021559979,227529,8,0,4
track_2579,146.17027028599554,0.5616359957852352,0.27721040389559165,0.34936340630915036,0.13868907648162554,0.12098625812212566,-16.155316252647317,0.6266474744777014,391761,7,1,4
track_2580,75.26681053237948,0.43063515298981403,0.6736754643812849,0.7741853522854272,0.47579821496988256,0.08658150759510481,-16.887987091420896,0.7437697494909491,297680,9,0,4
track_2581,134.03996413661594,0.2247478432061325,0.8084045653648865,0.3509249237983165,0.34510161674824874,0.6570584764156914,-17.47455539219654,0.4386636135222023,245652,3,1,4
track_2582,102.39120073181937,0.33347003245566215,0.4050823561588154,0.42708909936640055,0.13785091451414744,0.05672040237839529,-15.205986389770636,0.6048770575989317,332198,9,1,4
track_2583,115.19425723471292,0.6520947247908705,0.21035899137051736,0.3381910965366666,0.21567840116104572,0.5650287692901952,-14.400065971994168,0.8740375909035413,158821,4,0,5
track_2584,118.8065591830519,0.8100216002971568,0.42254708771093497,0.20602282191537472,0.3727857078165167,0.0827937178434566,-11.788289924144655,0.340267003882703,279438,7,0,4
track_2585,134.83051404372955,0.7961681665624419,0.3182510630244514,0.42549457237085037,0.34593010359317106,0.2515628433301527,-16.360678704680126,0.2983777112768799,188978,10,1,4
track_2586,107.48154605589566,0.843456556685691,0.6002121344371046,0.7194768396274296,0.0605948354628273,0.02749944401266031,-3.4421515916550796,0.13831784973944172,394162,8,0,4
track_2587,147.30485985905807,0.7183219464873221,0.449145612612052,0.3520126163659411,0.05528066709396991,0.02,-4.296825049629678,0.37077842632579894,290571,4,0,4
track_2588,114.28238519279775,0.5070989599961981,0.5712024198802585,0.3806521207796993,0.8542483502706496,0.21985514325378072,-12.269790515538856,0.8130349203034091,355045,4,0,4
track_2589,123.72552817408598,0.5036475833949172,0.7370954837795951,0.25080237680421147,0.46854441781833345,0.02,-2.8735631141654814,0.7488372595986863,136402,0,1,3
track_2590,80.0021222538826,0.532815075622371,0.7370666331293833,0.5899969003722003,0.2592756378136021,0.2703257550308506,-5.215284510069056,0.27199677173640197,368688,5,0,3
track_2591,169.75977032114503,0.8194310675054464,0.8177018298221066,0.3971508307432958,0.0629637762373479,0.0927971250047263,-15.738730739566401,0.7530595499360948,303441,6,0,4
track_2592,119.09474769614899,0.633279925679531,0.6724719880742814,0.042422797784383744,0.20994514318515556,0.09637175781648784,-11.099771838279244,0.1404524922457948,341459,10,1,4
track_2593,126.38992276035297,0.8986156031403673,0.8818989614083089,0.36290242061353994,0.13256131619960215,0.047245640532757205,-14.289070112115018,0.7505810996765147,330349,3,0,4
track_2594,56.754425663653755,0.7530147703551964,0.6744213784022127,0.4706533379131871,0.2903568800784285,0.02,-5.268925851768852,0.6332288771798581,288599,7,1,4
track_2595,80.31893930762698,0.7506254953628889,0.5120374489475025,0.38500068671618964,0.20783397132397688,0.021347330002788364,-19.119411544524525,0.42730191469977735,213977,3,0,4
track_2596,142.1365106375619,0.09602784871121649,0.31881252331797805,0.7009490341364399,0.34750176624711854,0.0433566439955909,-22.43395976394622,0.3299696264098285,126244,9,0,4
track_2597,113.60673354877814,0.8088871683593477,0.9300320848793691,0.033931487664029834,0.14453930136864934,0.02343206499475106,-14.044471226733851,0.5133965625132502,317188,10,1,4
track_2598,47.586607955132216,0.5152690785958532,0.6738506559813858,0.4732627072773536,0.06576259737045144,0.12506561600921173,-19.04520195607467,0.31064768593268716,130487,3,0,4
track_2599,136.14869786951456,0.770273897296897,0.43895311696540706,0.6746188792640314,0.09903767751239168,0.03599722392771883,-18.88111778757202,0.08012920176851938,383230,5,0,4
track_2600,88.6865158694183,0.23114272157048332,0.4081868141618249,0.29218464541153016,0.07700748294749514,0.05108907931595647,-15.010697276678876,0.6160644469975755,352719,5,0,4
track_2601,147.33950957630137,0.13887000878328395,0.3030041087448873,0.3477311813174709,0.10587757852723315,0.21559710335330765,-16.584598392007337,0.8761385535648419,270758,11,0,4
track_2602,102.364929641889,0.50523612119588,0.49602948355151166,0.32731068255957046,0.31291646061582706,0.19867081315980084,-15.679504004072728,0.309596528344889,157634,2,1,5
track_2603,111.1412005806159,0.14976132211174165,0.35559471750166044,0.19688328631018506,0.1893871079973276,0.04074340264927451,-15.18778901525039,0.6238725411305408,262334,1,1,3
track_2604,140.36863735774944,0.6739607846829114,0.33342875611991335,0.16105134046632888,0.7418734151228414,0.09260050757524338,-12.26868482938129,0.11814540067310074,373951,8,1,4
track_2605,78.07521087436012,0.5250267699547398,0.3029341424746919,0.4391866037514066,0.09897337562694238,0.06589197711734941,-17.84833051726038,0.23618011838580347,367292,8,0,4
track_2606,75.21459576498181,0.4520086933434369,0.28191659528776974,0.37075849138870826,0.7686147608935,0.04259490219459132,-17.285337591386238,0.9431246583959204,343892,2,0,4
track_2607,99.10504738805678,0.28396032140096145,0.34634982009183973,0.4111200841545591,0.09557798746389115,0.3602091568459364,-8.675082507496562,0.6020154049638973,238820,9,0,4
track_2608,129.81518398863668,0.5349130951962298,0.6025632392425653,0.576876276456668,0.04921779724253298,0.0848507066715812,-6.844569066863815,0.6702275111172948,256121,4,0,5
track_2609,65.07368242159528,0.39341136122542597,0.37219195886609224,0.2130174411031276,0.020156225600328,0.08430685429740732,-3.1869781639845076,0.5210793761418309,358518,7,0,5
track_2610,54.9589620033271,0.2878053825707074,0.5749592075444491,0.16392376751371027,0.26421029524067946,0.02,-13.698705751301127,0.42472315489835877,155948,6,0,4
track_2611,129.71162781131378,0.3665650387175025,0.9492187996173626,0.36425666742791984,0.11865032835342684,0.07270345401850387,-7.15472092650334,0.13389690463117987,374431,0,1,4
track_2612,86.91065062298989,0.24094757709392217,0.4592507122493716,0.32007126558503135,0.0767293354988453,0.1948698765931612,-15.775485396449952,0.6719849870264303,288531,11,1,4
track_2613,93.23321961239151,0.5640689118095554,0.3453332469875217,0.3559054131548438,0.021279447512243973,0.3431665487896781,-11.145273041823923,0.23342758058752253,182241,0,0,4
track_2614,49.29568794179502,0.9084035012322004,0.31245359837548187,0.12242072525716831,0.10076300780685876,0.02,-13.323220167492595,0.727207169111349,304489,3,1,4
track_2615,84.63062056944054,0.7474446971732133,0.49724190433858734,0.5186821426105437,0.8221761684817025,0.14711313053419817,-3.4822781561230407,0.7120591295450736,345660,9,0,4
track_2616,104.77298110106548,0.9151276485295872,0.0964654623297958,0.4315826488149189,0.14205201387981334,0.11966254909957444,-17.668810440293775,0.6640062294735929,159947,6,0,4
track_2617,132.91133572868677,0.75842916577915,0.8948899330436049,0.34614682996809293,0.28111144400537874,0.031397345766150116,-18.863818909821067,0.4278813720048021,179922,11,1,4
track_2618,81.86309501296084,0.9145530739667549,0.4908179880887475,0.718574322747397,0.25528858086755474,0.2175074225053605,-13.66999560063857,0.45761788451906915,312857,9,0,4
track_2619,154.7212836069749,0.3819260403236498,0.658138364141793,0.35212329964257805,0.32097937891285877,0.04927226845005884,-25.53490074993738,0.33078191644908134,345609,10,0,3
track_2620,84.46331927460598,0.5012057388890824,0.8338384952118824,0.5218219285130911,0.021445735004997076,0.3841084358387359,-13.536518898091602,0.9166682597201475,377661,2,0,4
track_2621,84.50724595244476,0.5168599132536768,0.551408651229402,0.5711116518030113,0.22772368442929,0.02,-28.662451870055644,0.651256192407527,221871,6,0,4
track_2622,151.12072655693407,0.5297203151202927,0.2984916740911161,0.4131087013098357,0.5382149057676556,0.07101883830518312,-19.220327189118706,0.49208439327535936,136117,11,1,4
track_2623,111.34380457091751,0.5138398564787143,0.09558151311425203,0.4010054568760899,0.10701446719031771,0.1432545286262445,-14.013946328564208,0.5747892005747324,262663,3,0,4
track_2624,88.4392581296527,0.5576920716642112,0.563770995259818,0.09977762229765134,0.042821525985600434,0.2746192655065256,-23.873590741714093,0.45328411925715073,188770,9,0,4
track_2625,100.3460060645822,0.580388313488644,0.1262862562806577,0.39985011253301045,0.10779984518782967,0.28590309364712607,-12.452118327493853,0.591134204124729,167007,3,0,5
track_2626,145.59220732626179,0.4013873222735256,0.31837025388865553,0.6884020921510022,0.25176746248479,0.41330786148308235,-27.080701018885293,0.48270765285593414,165118,6,0,4
track_2627,148.98608458877044,0.4686011942281538,0.6084832220641012,0.4737401611374083,0.33593108610460237,0.43206679103542456,-14.427052025662679,0.9596111368454157,320235,9,1,4
track_2628,80.49620462189232,0.685479330593759,0.37673798115431845,0.15281509728662904,0.36470208315322367,0.13045032871581388,-9.57289266644305,0.8501158094326734,125892,11,0,4
track_2629,103.72698569762676,0.7529557690584174,0.3459881083556787,0.6512006148067956,0.044773160559540906,0.3787674092382937,-6.987480848831737,0.40622749014035403,400849,9,0,4
track_2630,107.7047048300272,0.5874426051885395,0.7716259236714896,0.34046740277490994,0.30973658906835394,0.375562262413342,-4.815733774200178,0.3999522074980295,141491,4,1,4
track_2631,75.41279668450207,0.5497000404437211,0.7115517825435475,0.4242148160124712,0.07360743970697498,0.1086276274061703,-19.27827187045124,0.19169790860281335,286560,7,1,4
track_2632,103.32944842050017,0.8059187816270162,0.8102237562464027,0.24431046928578368,0.0275802470949643,0.09872179656523251,-16.435564455975545,0.28795597091827074,407667,5,0,4
track_2633,105.15968581355102,0.09134958788546642,0.09113144162051366,0.7909587872941475,0.3724598642043755,0.5581031427179328,-18.153599152674033,0.71005612177462,310637,11,0,4
track_2634,139.20628436810208,0.8144376411651552,0.1784414855269782,0.25632644374535646,0.2503281428398863,0.20439423197445097,-8.863141312008633,0.5226266306051804,256663,4,1,4
track_2635,141.22275084933602,0.8053947592472693,0.7258511955028076,0.5324718511979786,0.20829093168503354,0.20941615639444155,-12.753490298114587,0.7010493859188934,313155,11,0,3
track_2636,95.12371804922975,0.2822772294928382,0.4104051993330601,0.4998343333734983,0.8421724184984485,0.1469219806134588,-14.064029481571977,0.7269889354513618,407228,8,1,4
track_2637,98.58140568417565,0.4064263533051044,0.7538264765371924,0.2652787476653778,0.25592758847274927,0.27101671248335873,-14.376241085492097,0.13015581016381056,257831,0,0,3
track_2638,124.92876906166907,0.5345525973182365,0.5519889287600477,0.11637426075386781,0.28051168302870444,0.547362066600889,-10.58973342560609,0.3579985859375741,309406,1,0,4
track_2639,87.44434653218966,0.8470760009831798,0.2781823036543304,0.2811982889322305,0.06299976655850478,0.04111443690033599,-19.131278724403323,0.8236716929293916,335725,6,0,4
track_2640,122.65920455212208,0.8276735604930155,0.5344131999771191,0.8435653847416702,0.11305665568084015,0.15304876923556332,-9.243605778304763,0.6828536341892564,300235,0,1,4
track_2641,102.36280537892355,0.6064922240336029,0.06941511949973359,0.6234257075806274,0.11859294656172457,0.07146626132928806,-12.02112245391925,0.3649720799133191,360776,9,0,4
track_2642,75.91804266784138,0.23481661617207739,0.5793894314111914,0.10648935613847756,0.10694358839928113,0.022964941111219436,-7.723103668272905,0.29771781092123645,299919,6,0,4
track_2643,76.2948986136106,0.6557933101765461,0.8008327811644311,0.553385739394955,0.3723993130346378,0.16197946816984302,-16.15288584969307,0.34405549586379963,214782,10,0,4
track_2644,148.41176088093306,0.1977840838828415,0.594972573698617,0.5791788533835752,0.14044621134193913,0.07527042110661086,-13.690546490557034,0.5153347602824527,317664,7,0,4
track_2645,100.30735562570104,0.7100251903272569,0.670819715840228,0.18797466914351563,0.30080702351409,0.45148598646364735,-7.422421535613145,0.6685730781812502,401865,2,1,4
track_2646,154.21062281694932,0.4005389892891121,0.21932825134738376,0.20261536729837437,0.019908383756859264,0.2118873163135338,-20.91140597767413,0.804982314093784,233754,4,0,5
track_2647,89.5909121785527,0.5594307569582282,0.24584346247774758,0.6191422796923807,0.1625091902060986,0.2036123349779297,-6.703111345021667,0.29417409683865275,281196,8,1,4
track_2648,113.73615603394481,0.5345327534179514,0.031878844623039526,0.4581281736239765,0.02219154146278687,0.02,-15.550964988945662,0.23674510683539407,200976,7,1,4
track_2649,176.78030169054725,0.7490304350666568,0.808971266886303,0.21398371596326546,0.011096805017937696,0.5683949036885183,-9.301472621242652,0.8800205251514829,330491,4,0,4
track_2650,73.27839766010163,0.22955077284104466,0.9726266714806978,0.07624600372081397,0.15564800608318385,0.02,-9.11840805942606,0.36485166177300143,398419,8,1,4
track_2651,48.065565003006704,0.3301660063883604,0.19358555546959305,0.47880101481970533,0.0037887184592779967,0.030831662012714357,-15.064863357236296,0.6457861951229118,361242,11,0,4
track_2652,143.597703938617,0.38656716860814283,0.6548153743815248,0.5248358534776251,0.3210682340187418,0.038083670673815274,-13.798301530592223,0.40653978906293153,201549,2,1,4
track_2653,80.19572683820779,0.9059798023273825,0.28202947442516463,0.41720926926175855,0.5613558487770829,0.07651807788749211,-22.113129104994083,0.349505539225073,128562,2,1,4
track_2654,104.37880907681298,0.4428708748554944,0.32100735714748124,0.4984174787054186,0.06990546656990447,0.24369479944240657,-24.746782858218673,0.6516109891978603,287245,11,1,4
track_2655,87.42245368645246,0.5836557302971369,0.28422427597738786,0.5521673280919674,0.42096051740806795,0.3594049965792345,-13.358226724160152,0.23635971980322595,397089,5,1,4
track_2656,113.04488342865949,0.53386118064272,0.10640649033230518,0.5317999371207306,0.35482778157904776,0.040597195327100814,-6.946856703134634,0.6420446325093753,172740,2,1,4
track_2657,76.48391378442773,0.5729366738346777,0.11272172555490648,0.4035282626786866,0.26211535985835915,0.12755127691066384,-15.069321432571819,0.2632003704029893,366390,7,0,3
track_2658,99.60179736350082,0.3139367895338075,0.6388125611297978,0.48917792588492764,0.3103230584777066,0.08827201942930137,-26.469320371641302,0.2644240591121336,157370,10,1,4
track_2659,118.49445979669602,0.14985560885900304,0.35704231718635526,0.1321431672053191,0.5617004147844222,0.10392588616804498,-16.83882838025368,0.6578389906103043,146973,6,1,4
track_2660,74.75073341177215,0.3691810759947062,0.6347643431072866,0.5681145839761051,0.1137527580824152,0.2045183283917376,-16.9806223826509,0.3370985738966012,188734,5,1,4
track_2661,83.99747911062333,0.47419258997872865,0.6746336760445235,0.29946953047364394,0.5626974543963514,0.03150281844823182,-16.12272316156782,0.7980010101727709,140174,9,1,4
track_2662,94.57851499204405,0.4068582303326775,0.27942600143036395,0.5616264495821393,0.025091758284625613,0.10440223043429386,-20.130787177760496,0.7030760932868878,230802,6,0,4
track_2663,62.13553697321166,0.18908097939379662,0.42071079140558265,0.25450812472462553,0.24919378497480976,0.0645073071833321,-18.349677547548367,0.3530745490896482,145696,6,1,4
track_2664,92.3231705160376,0.647522650828202,0.6712091597624644,0.6769732138978737,0.5109343984932805,0.1881678841788672,-22.977351159626686,0.29546865042757153,258002,4,0,4
track_2665,108.56389619708706,0.7248714614008749,0.8637499469428107,0.7623726995413985,0.030895415971603318,0.10012185617319312,-1.6549340291646129,0.8070301689927405,388246,7,0,4
track_2666,93.01353175234715,0.4604767142871247,0.5895356370193291,0.13809930447267083,0.09042050648981065,0.09789894100284524,-3.958303205219856,0.5042273671343358,233821,9,1,4
track_2667,96.85870521204826,0.3684661401509331,0.7768543457274348,0.21428264163198749,0.4922425442954262,0.12913866471091828,-19.753449505943642,0.09692301788879853,305763,10,1,4
track_2668,104.40294987280244,0.6969850414556225,0.5340852508263968,0.7430860003525659,0.33655883344437176,0.22555732402449669,-13.703932462064397,0.7496897610319883,362145,5,1,4
track_2669,85.32769612703058,0.8821015695404617,0.30308422315184486,0.4011262441086531,0.43106969604155015,0.021433921532833623,-17.57954936461158,0.5555596771224984,136641,1,0,4
track_2670,125.73187697600632,0.40260878250305515,0.3550588869753986,0.3845864686102245,0.46875259753462367,0.11925341564175042,-14.944182639637065,0.24870407656812843,193312,4,1,4
track_2671,148.0793437440533,0.5024258467407496,0.2647632877012362,0.12028287598757759,0.3190098553323146,0.02,-11.610886360965287,0.2913837638335984,399690,9,1,4
track_2672,91.06858823413654,0.8966221105154043,0.40417921847088756,0.24142101136218,0.0551230485076975,0.3514222770258848,-12.854724172363806,0.7907933612809364,315139,9,1,4
track_2673,119.55594694433121,0.8255855995863952,0.6834542449806541,0.18988152462717717,0.16200287660507967,0.2353279114542852,-8.105218985845676,0.5484739246523526,322090,5,1,4
track_2674,97.81148533696059,0.25931949098684076,0.24808006178737155,0.4115761067154449,0.5664297575541531,0.022661274766712293,-17.06230265330708,0.6277695101961533,175630,10,1,4
track_2675,115.96462035115515,0.4973413707031912,0.659063472548072,0.5894673778851276,0.20095505675695952,0.2746254811656269,-13.921758395803815,0.6067695821513486,216824,8,1,3
track_2676,151.97338593609763,0.18877732292938879,0.44584150888808277,0.6507322487609705,0.43797283431438494,0.1772574908926339,-28.831392189661955,0.32537184369889494,147378,2,1,4
track_2677,120.25978629054296,0.8349372889584482,0.6288963806447463,0.30770508664362145,0.41375150731282856,0.020606148782375714,-13.039575244291273,0.7139619668183156,328017,7,1,4
track_2678,51.79756383570958,0.7975502018870401,0.8260702879485525,0.27485003522692913,0.48454090686264517,0.15407998895139513,-26.520754385253625,0.8643175308622209,219762,10,1,4
track_2679,118.61986894340876,0.2932389605902112,0.5338690754418414,0.680049694167743,0.7110981224940542,0.07619463631844912,-21.589943370845013,0.3764830379366044,403842,4,0,4
track_2680,141.98591229927027,0.7272030003796819,0.7741464599985403,0.5161752006059095,0.18291007900040485,0.3351165954005851,-6.371184657938838,0.9435284424151946,156611,10,0,4
track_2681,98.35211490005692,0.7086432395923938,0.2664483330872924,0.5298339586365308,0.08734926474848582,0.07671450144248046,-6.297866701067778,0.39097226001381974,148491,3,0,4
track_2682,134.86904418353498,0.7584120616559996,0.07278048583478175,0.4568756834686231,0.13378683635918964,0.33298630102173293,-20.037678747051082,0.8036618790301197,256296,3,1,4
track_2683,84.29653376544162,0.6773663321104435,0.3514428618221475,0.5675794933975468,0.44819358268387555,0.22477052218023474,-3.703714293722369,0.12362315863921845,373275,1,0,4
track_2684,60.43382521433179,0.19362700787526224,0.6822388624835851,0.49501694681720765,0.7457077258117645,0.02,-9.651715947043565,0.04841287756311383,297449,6,0,4
track_2685,109.23507056497921,0.6875304701955622,0.2061382202162962,0.11608078345581112,0.2775338150429164,0.07477615076437788,-11.117956801936081,0.25298695470303445,290484,2,1,4
track_2686,52.305698377610575,0.49677996461012724,0.4153779060225044,0.3591749822746489,0.13981174683631162,0.09478185760026452,-20.965355837030607,0.505595927352891,381301,2,0,5
track_2687,97.80686961319225,0.41832110473579376,0.3180973277073075,0.5577826909411276,0.2431262399538331,0.20037480397798357,-3.0790370022838935,0.5723684613730897,224259,2,1,4
track_2688,143.6052678793651,0.29991102567778716,0.6134757807071812,0.08937500158892565,0.11605431458462188,0.12799230084329008,-9.620112036554282,0.20983378282670062,137969,1,1,4
track_2689,47.707112827611574,0.7628545794462,0.48796760175249804,0.6494610310301555,0.0301552172023487,0.15988220034479167,-18.761429562122604,0.18305459776014377,309126,1,1,5
track_2690,66.61509612258305,0.6062887207003504,0.42890615689395495,0.391300459984555,0.5408872061365056,0.21838071427189218,-27.92571136775173,0.7535905604320805,151665,2,0,4
track_2691,74.03903264515267,0.8182445202405723,0.30778369574409153,0.34783853107543083,0.01603921032963948,0.02,-20.98373543569706,0.6191818094212089,336925,7,0,5
track_2692,103.10040420867121,0.3124153244504374,0.04935447595471086,0.5690116473882103,0.24580908725763378,0.40632962550206664,-13.055405504061095,0.3513654898173377,223875,3,0,4
track_2693,94.02849643061373,0.13622260441433043,0.4590788972862152,0.7614949673933042,0.03566180870018744,0.15971652547527143,-15.281869932414985,0.35140111455436196,386154,4,1,4
track_2694,146.9740914508826,0.5360794996704298,0.5090605255528472,0.14714401320282436,0.2878367481552023,0.13166554765493865,-5.021687795356632,0.38653694136589956,140390,2,1,4
track_2695,133.63044987275092,0.5193970197288182,0.26664749832871587,0.5074191191066841,0.11196759139523076,0.07045630176431315,-20.41086896720508,0.2349349625501045,260520,8,1,4
track_2696,119.85818838205793,0.8695063112934449,0.9159398013738458,0.6091916506703815,0.19517804921931756,0.14602758453772532,-12.157118016979611,0.8836308130550975,295022,3,0,4
track_2697,109.36890943031655,0.6490514032271276,0.3829365625485609,0.17850364546905553,0.04995983108841291,0.5414278081134729,-7.716123248651996,0.1436837175999433,352519,11,0,4
track_2698,116.79689330954481,0.2227876438268433,0.35899606379393445,0.3247708594968044,0.0024512998314949125,0.1707074721370087,-21.89905881548059,0.3805854489202291,323025,7,0,4
track_2699,79.14052934059875,0.6232607641857402,0.17362890334536227,0.4326846036675266,0.16182895818558138,0.1800251381586373,-10.332249055686722,0.29512111910734173,323060,6,0,3
track_2700,130.71631060669836,0.589885477832398,0.5215641430766388,0.625537314609606,0.09800686167918307,0.13365814454561042,-14.094117377426755,0.4700201864849933,333138,4,0,4
track_2701,71.63867236922397,0.7709414798998766,0.8898386757190871,0.15563382787821847,0.01684605523751747,0.07983778644981625,-17.30304640378199,0.1675220903975394,141734,4,0,4
track_2702,130.06130981706693,0.7201101334412707,0.24281557167091966,0.1032034126764455,0.3051384453210191,0.14650261218431332,-27.173464695011575,0.5788856036733844,326818,0,0,4
track_2703,140.58427506356492,0.6170474418503019,0.46643711800670945,0.7322050219535259,0.08248670839839803,0.11891461977093767,-11.271239097067529,0.5403541401429782,326790,3,1,4
track_2704,111.32593806264262,0.49840383431383184,0.4077582409164436,0.25562425099264857,0.14987410610092902,0.03804879382584638,-18.046289421035976,0.5346409113180279,314521,0,1,4
track_2705,99.71360823114073,0.4617301385742452,0.2643148787368246,0.4653096159467039,0.17791386764307313,0.670249716839551,-16.283439406181106,0.7057049136575593,308246,3,0,4
track_2706,117.0092972492902,0.6223334731622551,0.47606574158614196,0.34250464535749553,0.03201485571075627,0.06867014222688483,-5.592770768615347,0.721029737677863,354419,0,1,4
track_2707,40.0,0.7051301306824556,0.8201153678307584,0.4309192449057385,0.5332743169284121,0.027273097969582438,-14.188116466281741,0.48577245805960323,225880,2,1,4
track_2708,114.06774655456384,0.28475164368379086,0.45498364032876737,0.28005860470716176,0.2664556154490938,0.17460738641818246,-12.54111909673142,0.49536510063060035,256287,7,0,4
track_2709,101.59938006480579,0.6324256302684892,0.5562725272058735,0.3043831985218542,0.21446981072024937,0.02,-2.292323041775994,0.4846600198846277,126197,5,1,4
track_2710,103.48115660829026,0.5684799781392158,0.7465133828420735,0.0792415334898119,0.13912757827338815,0.08599826148596258,-12.984576006467469,0.40496274532588217,275783,1,0,4
track_2711,126.19597538693483,0.08660790967972773,0.21239996449224705,0.18094485389706919,0.39968381347655996,0.11430472053645885,-18.78033223412975,0.5513128583817192,215976,2,0,4
track_2712,102.75693235305816,0.3899210808415387,0.3693308719574478,0.3490049025027506,0.5770241148831192,0.035952198024738084,-6.394040335378371,0.322392536645834,354614,0,1,3
track_2713,70.79379430046527,0.9240907178080607,0.41786756939786057,0.2733979864999697,0.554005938950444,0.32465855992665865,-13.578740070625699,0.6968507719398843,359060,2,0,4
track_2714,100.75791987523866,0.2676193886232617,0.5336201468197461,0.4033384019149581,0.013531155226893991,0.19600876817528054,-17.084708231046253,0.7794408232444994,187621,2,0,3
track_2715,107.02666452242474,0.7028193388061467,0.6096850813092484,0.20301526749474105,0.31897963375218424,0.02,-19.38361987492211,0.604819275043157,360254,0,1,4
track_2716,108.44801734743038,0.7360052405322028,0.634622786619238,0.4384955390706831,0.24205829668905757,0.2577248867642927,-15.717902078720197,0.35495222708821966,320583,0,0,4
track_2717,109.85758101855204,0.021642999185298356,0.37953909925622803,0.4703399061674254,0.2351593508030598,0.15887438497516007,-8.306357601903347,0.36824575591237363,251723,4,1,3
track_2718,136.1810713475566,0.5610677803546551,0.44651001653713546,0.1367512256026024,0.19393186098538492,0.18253736196283182,-17.35188193139256,0.8588993211610599,129990,2,0,4
track_2719,72.41896340897557,0.30289034465894543,0.2646470213174293,0.5164270014173693,0.05146601032414379,0.16400230037896169,-12.994166895130874,0.3801094225349218,387071,0,1,4
track_2720,110.2710136849455,0.6187157945703535,0.5013661550430298,0.3676919833588784,0.17257197318091877,0.03859757420020213,-19.041679263907238,0.410747543697489,160548,4,0,4
track_2721,143.69789095854722,0.7826196277075966,0.6653930634772284,0.2721220080534208,0.0863146789124419,0.07083094198247868,-5.454919758333478,0.6626836170802707,358329,2,1,4
track_2722,52.96165509188414,0.6800174748474098,0.3953020255034904,0.33738716164251226,0.04331606026978622,0.02,-22.26544740945681,0.8344944980748967,419830,7,0,5
track_2723,110.38940042340161,0.2315748574519501,0.32351637217369283,0.6359632032283432,0.49751300031026613,0.19271050648242571,-19.884262056463953,0.4153931229014223,305315,5,0,4
track_2724,87.4386449408087,0.5997517825435227,0.4726602208801637,0.39477913077255505,0.3251166954395575,0.4718860250495023,-17.95860910178784,0.7364703728666823,330799,8,0,3
track_2725,93.87868846580685,0.37424411807489066,0.9235926096134334,0.22194065920716297,0.6164032575323894,0.461765911624822,-22.166555138082636,0.19534808357972683,369936,1,0,4
track_2726,77.85577490356734,0.5296326308860924,0.41902496753367324,0.1676734144558901,0.06327516700337735,0.488842595736826,-10.84258261065657,0.2109924755038034,135578,6,0,4
track_2727,99.91347852898667,0.7000714481141889,0.3233963569000766,0.4168544125263093,0.23587090391874296,0.02633474636327823,-9.911303176800462,0.93959229615704,311429,4,0,4
track_2728,160.23766843280714,0.8591486128656952,0.2100841384570972,0.27907964233232446,0.38983789218845283,0.5982368047725055,-10.12561348189384,0.9019039805934751,197305,11,1,3
track_2729,67.0670891646836,0.7737520538528019,0.8402071176248972,0.5012118499904352,0.1015476373664827,0.3210635543952922,-9.870699054288702,0.4362159188486688,288099,8,0,4
track_2730,69.91169992563518,0.2747689596374341,0.25142374526366834,0.31167785994411557,0.16231398367546976,0.137501208150233,-22.925370526255893,0.4594924818307026,165417,11,1,4
track_2731,65.94196289509486,0.32203071183286175,0.4208218928286729,0.26928948471082625,0.2947295247507373,0.02,-12.455556067661167,0.5400127136406951,240875,2,1,4
track_2732,156.822548598843,0.5351650641561169,0.4519646902089301,0.38748157800187927,0.15720100537889567,0.1441899437422949,-5.733923935974186,0.6388963153348647,237959,8,0,4
track_2733,91.1298088343614,0.3449165856917942,0.2446518547021348,0.3082601580021731,0.31928734979454587,0.11769988925208967,-16.04019020532929,0.34356264140033493,203916,0,0,4
track_2734,104.23082818956978,0.6416165012090056,0.3813323009042486,0.34915181553642616,0.5239384840374034,0.023399301364252164,-7.5342970129778895,0.6476447526627952,336918,4,0,4
track_2735,92.9165117668128,0.7554679961823404,0.3729723842171278,0.06468844452751646,0.3200916341997659,0.0891421310457808,-14.952400989878164,0.42955804784174745,157714,0,1,4
track_2736,76.66731364790726,0.6676705577513699,0.6791167051862305,0.13322138609818274,0.6538249490177763,0.496465505174574,-14.745873444481255,0.6107192681712121,261664,8,1,4
track_2737,97.94548060156694,0.7336207717440192,0.05594850019337486,0.3470612202219813,0.4596687216987884,0.13501285510303332,-21.249672591120216,0.7161114083044482,295832,8,1,4
track_2738,178.74730817209678,0.22460079952074463,0.4846959188881874,0.263381028087668,0.17576735918727926,0.10480348917731341,-16.862197064990415,0.5202730443492356,408058,0,0,4
track_2739,146.76212762922765,0.35326797037454827,0.8526052151963623,0.32922659667957216,0.14113126256323014,0.19147117476918976,-6.298783369509991,0.6127628000071652,247719,8,1,4
track_2740,79.41186546623183,0.5757983516362882,0.565028506439585,0.2390084603610177,0.7898947644676347,0.05423421104557547,-17.824706892237014,0.8168406230371732,210466,6,1,4
track_2741,124.42722309185058,0.7240529247478334,0.43049643899927764,0.0781524801367215,0.34846358719910286,0.1496011730054168,-2.6265976305350307,0.6871147351648194,225024,11,1,4
track_2742,80.05431682000871,0.5507042980336544,0.6401565306563909,0.4275516253581889,0.2280595155796308,0.1251763636969138,-14.983208573290277,0.26551422958466697,298360,1,1,3
track_2743,51.708970834613375,0.5654664525292618,0.4921400769318164,0.4291519725774706,0.24631644092862237,0.3785281270284878,-5.905023880865436,0.48151004261443925,198198,5,0,4
track_2744,135.5853275299389,0.7884777706860566,0.5060248885352976,0.3763339541604496,0.19025600191708492,0.026411712127973785,-13.937916256973196,0.75244013609035,390946,9,1,4
track_2745,139.80278539930652,0.22960740983686126,0.6126366769078853,0.23196124616851108,0.1466564625803166,0.10887837559389399,-27.881922934093097,0.4984380694541201,323059,7,0,4
track_2746,136.38156753143699,0.5114610226049849,0.816292605580681,0.3841397024241532,0.28901995375214357,0.1046494851020005,-18.358283125630205,0.6150954780987676,219491,7,1,4
track_2747,90.90404252341281,0.6172148477642875,0.41073041562706636,0.34822034337532387,0.5504077549372768,0.63795839563256,-18.332004057936743,0.2685320036756117,400719,8,1,4
track_2748,99.99672797994042,0.47284734343178775,0.3969446383121534,0.3520090325334073,0.10138104020806138,0.02,-18.138518394105528,0.33097052817948064,269450,4,0,4
track_2749,127.49296660974369,0.5392868945959627,0.8435765184645939,0.21791140603005865,0.11062276604352048,0.3823349223828999,-21.53148517575346,0.23376376535030238,207697,1,0,4
track_2750,116.74488112044321,0.8202390969116712,0.2310129174899749,0.24099408464693847,0.6247536220236876,0.10337133757407604,-19.9224597169493,0.5547132885374266,273378,2,0,3
track_2751,93.19087586108867,0.2765710343468488,0.7736718899559822,0.34546980497139645,0.48114347571936344,0.2322763764684497,-10.340901181369109,0.2185216167935375,179955,2,0,4
track_2752,56.42784539645506,0.40402891678660374,0.08579867502707567,0.438286533713749,0.16199437294384456,0.11971277311816449,0.0,0.2976858601572718,162509,1,1,4
track_2753,108.41625582426036,0.041474213758701195,0.15539775376709505,0.5884310171833684,0.28079586146575536,0.19930032864468739,-12.774686672772589,0.41243638604779903,256644,8,1,4
track_2754,137.3702891770834,0.44518661168004653,0.3656398861094759,0.7726974596003954,0.13334092366448452,0.051696745285227066,-16.096679249444435,0.7893482667404651,283119,7,1,4
track_2755,69.07235132897529,0.13427070247572823,0.07238541098090855,0.37201963590246634,0.12146402626131532,0.053382083318721976,-28.829929317821055,0.8946389457744497,241530,0,1,4
track_2756,124.16278145027931,0.2937835246419337,0.23233724647177412,0.36273958656481425,0.23580612419054467,0.320186280660706,-2.1225038671212566,0.6702824647569583,407145,11,0,4
track_2757,114.94625085401078,0.4248154405145872,0.6155513342230194,0.6455171582873689,0.25095960085423147,0.04366988978950909,-7.606700793166309,0.5892346362792114,345212,0,1,4
track_2758,127.50444789697,0.6694697107623209,0.3217051357429676,0.7247557381105685,0.14143917017643348,0.07130331966854725,-16.740956022512965,0.5343653479633226,347389,4,1,4
track_2759,131.1592649915702,0.0848527246535539,0.6905710352114877,0.2572618856578147,0.28882170719461575,0.02,-12.137777334588524,0.6327134584075353,134976,11,1,4
track_2760,84.16604274223941,0.028156527675825115,0.4898705763923993,0.19698384511358719,0.20411030509976497,0.07062507762639045,-16.833113316611076,0.9029215392142106,218943,11,0,4
track_2761,56.49121799505161,0.8937801541452086,0.5978552262985799,0.6625396896202552,0.06582000992065692,0.21304190569738626,-21.058386797764665,0.42887300631712194,279912,7,0,3
track_2762,88.99441422951362,0.7395266355039084,0.31071133299727877,0.3900505697733922,0.3314959483844992,0.06530838231252688,-16.3821434553152,0.3741521677374475,130791,3,1,4
track_2763,131.67381952581022,0.2211704320805478,0.6202282050317134,0.010703814733361308,0.2109185351428353,0.20110639762319077,-8.850628255383377,0.8621994983111023,398322,3,0,4
track_2764,88.73988289422087,0.5242768795456347,0.45661066117676724,0.18199766562853947,0.7821450826665102,0.6184870204605235,-11.809627386536427,0.6659203471063289,236418,4,0,4
track_2765,84.17870028427075,0.9167337847994173,0.5151548262384587,0.6422564981674772,0.021502563894723648,0.06619108947222745,-15.304963071371478,0.13031459953405167,414728,7,0,4
track_2766,50.35948974226085,0.2805592639761568,0.1549610048338123,0.5120903576583148,0.05771782564114961,0.08172807744614453,-10.08994330599134,0.9446336851321436,326989,2,0,4
track_2767,157.57942663652818,0.1714173534706671,0.5873106033559532,0.3589463172143481,0.40850114660963766,0.02,-15.934248910771364,0.11619460494589388,233136,10,1,4
track_2768,129.7714092427593,0.6960250909363519,0.23022947391209383,0.20387339765870474,0.04135322027491037,0.10913418941490939,-6.5389179592681455,0.7655186392352925,412189,10,1,4
track_2769,128.09687943824292,0.10266262533704028,0.6714467063140469,0.09361090860755306,0.5519463803502924,0.10794467319055251,-20.29515937445526,0.6023734762180272,120247,4,1,4
track_2770,134.0317616033842,0.5264237158956436,0.5534590374017733,0.22977043637946487,0.48772994352955046,0.22252774497942038,-16.159528963570903,0.34684139032695666,240988,10,1,4
track_2771,122.30125084630205,0.8154974474353,0.6012655556675613,0.2938208460904677,0.507386156602436,0.02,-9.236034437477187,0.05850139660625785,338632,9,1,5
track_2772,97.67013434461413,0.4375805170914798,0.35173506795556103,0.7505629551416163,0.28828441508340186,0.3356953313318649,-9.685025408919863,0.6290649506659652,144182,9,0,4
track_2773,100.08707687633395,0.48157620062208634,0.6646613141822353,0.5169662447845885,0.6009803193033513,0.05100245921520105,-18.04447634641537,0.5731508600059156,193470,8,1,4
track_2774,92.17306906223625,0.7092369512411066,0.5985998495531242,0.23058960418598926,0.40672019225882716,0.07394279494839362,-19.247292502127145,0.4880370079806034,238882,8,0,4
track_2775,184.04222263245,0.1754388755618198,0.8990765629542563,0.33199619548263143,0.14010145342838065,0.02,-10.923916730229053,0.7861359830013451,309502,3,1,4
track_2776,121.67736093898327,0.8451019697369585,0.7675540039307138,0.1403125345178563,0.35003287462443916,0.1164966938053332,-5.400680646527647,0.8504657600372484,162031,0,0,4
track_2777,91.08598675945696,0.3399974302398888,0.5441140406905371,0.5963065584550333,0.018047787293637693,0.03550606774146643,-8.589683717701682,0.6244840260925678,261783,4,1,3
track_2778,118.96490322498839,0.3766939195206793,0.5117881391875176,0.1720286024249874,0.21026041928348443,0.02939282253950626,-21.093039833501933,0.39127830267730435,377364,1,1,4
track_2779,74.67393246431047,0.2892461865848459,0.7028694971813026,0.2884665818375668,0.23618474790271476,0.12318719931631279,-18.038721761720293,0.6649692460523456,305382,8,1,4
track_2780,150.1352015576768,0.3001724148005903,0.3590694854240481,0.5301744043182237,0.019931150787924467,0.02,-20.51638931665407,0.1625557395733555,221017,3,0,5
track_2781,85.1679271257858,0.3561268715843172,0.2089600965425444,0.6388081739636668,0.5242554011948535,0.11069604842866931,-5.500800012167698,0.13888312154213756,224709,10,0,4
track_2782,120.03256297867398,0.20487317760102286,0.8730932617557371,0.48373036747453524,0.4193365056376662,0.11244317443628592,-14.368186795834298,0.2611073724449467,288893,4,0,4
track_2783,136.97932889229403,0.863561034542416,0.5628698292970766,0.48598391855479994,0.24191926705358,0.02,-15.84035037124651,0.586051856475437,143424,0,0,4
track_2784,116.54305632614978,0.7591783777885165,0.3238935159573301,0.3234780740602759,0.26050864345673275,0.05094702398914043,-12.355542976359844,0.5914428535223812,160891,6,0,4
track_2785,107.83409975458915,0.6823498528622595,0.4866111394393447,0.3632129743142795,0.16786390571807017,0.02,-11.16180682712545,0.30810258330342444,406373,5,0,4
track_2786,105.32406254568045,0.5726965476607377,0.5583126280240787,0.48357598966345505,0.36979737741296465,0.1409897876095055,-16.359296604224753,0.8641002872554393,410369,7,0,4
track_2787,103.30676709338678,0.8531295050448542,0.45208605899407356,0.28864964622393047,0.20622789946643286,0.06685759677493597,-12.307924728174712,0.6737612431230237,382051,4,0,4
track_2788,87.69904533217493,0.2968564159352435,0.7793579266248378,0.06181874217867245,0.06835586676082045,0.027716167177406117,-13.395322144739922,0.21604163199237383,282807,4,1,4
track_2789,91.51549710690887,0.6407891201061678,0.37287183269191765,0.37153564372188497,0.6155461034941584,0.02,-4.153328496460897,0.3852257694557322,339658,9,1,4
track_2790,149.38771120952805,0.32343392207344374,0.8103251748323091,0.11848853025053871,0.46077681134470316,0.08246461063685971,-13.788664599847923,0.8071856248187497,169862,0,1,4
track_2791,101.7439010194453,0.6915873503946888,0.07110623752419296,0.578725187574739,0.08157032685280392,0.09455227462240468,-11.57907695189583,0.28547504770504467,184364,9,0,3
track_2792,81.42611191851681,0.3937560184348632,0.21098579112395116,0.5429281759350035,0.5452787119429034,0.20167082651931126,-17.783896270779014,0.3613911403008591,356658,10,0,4
track_2793,89.51107209415474,0.6479021109691141,0.8885306026809225,0.2998367821123662,0.018866837317780737,0.16839669573132013,-17.70448009759704,0.4972589246277398,391905,11,0,4
track_2794,138.01112042091668,0.6631428764490308,0.7931437956418017,0.21150269545651626,0.13728442662885962,0.532549041493269,-11.235013150216172,0.47972931298293914,342860,8,1,4
track_2795,125.26819899493435,0.655705018174583,0.2623528292615429,0.1924106521855171,0.1460131631085921,0.02,-19.470532081380114,0.08415597417581464,173259,8,1,4
track_2796,121.80987534696771,0.04752538097988699,0.3659182375628848,0.47719672179579575,0.1493227138810227,0.2703045021257784,-11.999670936401078,0.32209382810709114,184933,0,1,4
track_2797,97.27436403270626,0.14978465637796465,0.27265435778174696,0.48793276805273356,0.031647535466137806,0.022279979075538157,-15.439484423021504,0.5655788137555964,232011,11,1,4
track_2798,122.20087410518835,0.8567161917649116,0.5972683825593486,0.6024618460159434,0.046726808386401884,0.06698936441332791,-10.316462682091098,0.2633076112343056,164493,2,1,5
track_2799,85.69316625148056,0.5436499041449335,0.3246174531513073,0.8559413903128227,0.021563548735146775,0.02195788799427491,-25.736742219138087,0.41508703083272785,397435,11,1,3
track_2800,97.21157905962676,0.15108707472173336,0.23682829189734964,0.5213277081760678,0.23376986841972436,0.02,-5.336423166478912,0.2684106815484198,402686,7,1,4
track_2801,134.09413462175237,0.658177602482544,0.4938862003597784,0.6561730219553815,0.630942418931067,0.02,-23.89734343760298,0.20330892159478783,225544,7,0,4
track_2802,131.22833036757194,0.3380209329642458,0.35422665872940107,0.38428325397089685,0.7833638019833712,0.16193273868119368,-3.2460499868410047,0.33600972457816647,278601,1,0,4
track_2803,75.5427046214759,0.04900214185742107,0.37539637632665057,0.5352667050944087,0.33846737930494797,0.15079686352994384,-13.540021054263383,0.7038393619425947,130714,0,0,4
track_2804,79.33420641274273,0.4232595677587378,0.7156289944188161,0.5088338047317192,0.3324577625256675,0.2005837821032329,-10.915285920868454,0.4169196629042673,174226,6,0,4
track_2805,108.26106458440229,0.6463720398278646,0.24649799761691904,0.1671358962617765,0.4871447991576408,0.13952268037126728,-14.266365166381394,0.23789114551269,317480,3,1,4
track_2806,156.7839712400853,0.2234360679023836,0.6061468571913872,0.05870917932247478,0.5444543317541901,0.15588980223315263,-13.515158871062686,0.4344156730031295,403920,6,1,4
track_2807,47.533045065930175,0.6451670054484193,0.8983418877596622,0.7175888883154232,0.4064204502544496,0.2710143688908458,-19.718167200181437,0.11205772381733603,352303,3,0,4
track_2808,113.34998818711513,0.8108825852313839,0.40409429349251114,0.2382894271133083,0.1125185191352151,0.10061530159082994,-10.260551582235799,0.4796850473530139,281534,6,0,4
track_2809,63.71870005280555,0.29862270539662034,0.20404462292130585,0.29423531325412544,0.1459837528128599,0.12108156176780474,-11.329909078959194,0.7263629453075827,251718,9,1,4
track_2810,85.97007019423363,0.4313083090296975,0.6683159453342374,0.6163958674901878,0.02842067012749165,0.19684753160340707,-11.450422726821868,0.32347529649911927,220465,3,1,3
track_2811,94.06714745807275,0.31985200694773147,0.5041808856496983,0.14513759841902588,0.4253593887283946,0.07627539222780605,-5.018975031051738,0.5235257423795486,346425,8,0,4
track_2812,92.38474969689327,0.6893270558757761,0.7323905659246056,0.38268249104055074,0.0012524009869370968,0.02,-22.404071426216415,0.5054317051078899,313400,1,1,4
track_2813,88.98612181022375,0.5944441317049549,0.9423983826522829,0.2179786675984871,0.14299601026239667,0.16581357347771164,-13.5080515722637,0.20321084947205692,321295,2,1,4
track_2814,105.2162118112911,0.12196597962251746,0.29281878142703316,0.17648404784782415,0.019504713367679626,0.5865225537120995,-22.928337231439954,0.7079247515500263,302893,6,1,4
track_2815,88.94233300108264,0.6288694837830319,0.8249521188945225,0.2651088392070896,0.018513584259302805,0.31645297613766843,-6.990317103565758,0.39274192417556475,208541,2,1,4
track_2816,61.126278454375424,0.17848577107989574,0.3459858143262839,0.26031272942023664,0.29560908247028467,0.21729406249964864,-9.607559419503586,0.08490299498519938,272507,9,1,4
track_2817,128.3960883756833,0.13865277866602052,0.491001490465182,0.6075235593627925,0.09674642299509685,0.23499853026421477,-15.414985969791676,0.5391646872536758,182131,3,1,4
track_2818,127.58616501446642,0.35509189253642404,0.3136431922034669,0.261436856478206,0.15860828234354427,0.161958842006634,-8.6671548100226,0.842028350138304,377388,9,0,4
track_2819,130.29522930068006,0.521723560222317,0.46628959120105584,0.4182142230500336,0.7103431802489674,0.091988873121305,-10.999606729384876,0.23916583047471449,276216,2,1,4
track_2820,58.777965112077545,0.7480079074578546,0.8450138049094678,0.5442081570889389,0.30658258773606717,0.21913979661432542,-22.909802729963737,0.9037818706583013,335425,7,0,3
track_2821,113.96754457752452,0.3969404826899533,0.6405328003850207,0.5224934271935737,0.42427368211855176,0.14384444615510278,-10.058354979245557,0.5682487177277123,210465,11,0,4
track_2822,125.2793656742077,0.6091145045169956,0.41966361251301554,0.16902911624996084,0.3823256836226857,0.17019038625604277,-19.13078945243199,0.5412431339959586,331774,2,0,4
track_2823,74.06393794681244,0.7237006699685121,0.3061794936374428,0.2970301661040282,0.5129147964448493,0.10582461198917108,-13.051280008256644,0.8890486608936137,298289,1,1,4
track_2824,105.27519744546387,0.34764966830808336,0.5334826312009315,0.3826422637767681,0.09580274547186181,0.09854473024087133,-8.35655064712079,0.7319525582135484,161319,2,1,4
track_2825,101.51200064068902,0.4188227270803657,0.19434461128517685,0.7703522827316472,0.2602317766329,0.02,-13.707065170832324,0.4033465086512664,415939,5,0,4
track_2826,160.2645197570479,0.11323447558125396,0.13290903094777134,0.43076500188146405,0.6989789144930589,0.2115353930635287,-14.391218483505954,0.5443244391224512,300910,10,1,4
track_2827,162.7348811103772,0.4326627989633139,0.10305910766423984,0.10272576767381175,0.26577933624654626,0.2920714454736118,-5.470596535242407,0.34451400166547386,173262,6,0,4
track_2828,55.06930820009398,0.8333601167920673,0.6719951067653085,0.12900509173078378,0.12666853935982195,0.36550977014600616,-12.93803471251794,0.313722668201651,275608,2,0,4
track_2829,179.81781017183968,0.7544255385945837,0.8501282923778456,0.4015661133701825,0.07015743966572456,0.1151017529917765,-15.546377924657884,0.16628091044211835,291559,8,0,3
track_2830,77.54322836540028,0.1723517518662412,0.1372249892149418,0.5436656395346388,0.018411744099500027,0.021814538917925376,-23.492992992228462,0.11447414866940919,365428,6,1,4
track_2831,134.42019882982277,0.86287898680415,0.3729298018940318,0.4428919937083279,0.04452870093831996,0.1470581917902631,-13.851360314408815,0.08981462035112908,174092,5,1,4
track_2832,134.11493942591193,0.24562351665183893,0.3412628756584404,0.3954500387412747,0.19872813367856837,0.17705744705727836,-9.805007174286729,0.5552568629966954,163777,7,1,4
track_2833,75.1292931947458,0.3342522703536385,0.7626171612978636,0.3275160851832391,0.23976288644850324,0.08634941938039856,-5.032132313913861,0.5089915505772401,121827,5,0,4
track_2834,119.79803381517297,0.5333897184288787,0.6774064119573793,0.21160973926677257,0.3006565980774944,0.20103588544283188,-23.38042795474642,0.5583953015950324,286418,5,0,4
track_2835,101.77398767201808,0.2833079245577108,0.49589995570299517,0.4009984304946411,0.15317299941593363,0.48525128315620547,-11.306033068935463,0.1673757132628383,415004,10,0,4
track_2836,121.62990013897172,0.4250664278380914,0.7797535557985231,0.5451059134962413,0.4167841351692971,0.1113566175592733,-9.865076861843324,0.5031910733408675,202205,5,0,4
track_2837,111.92016907141877,0.35721010435724126,0.8552044033750792,0.3440878399205533,0.3626805347595298,0.4155635660964145,-16.537281772005713,0.6239121862483152,350310,6,1,4
track_2838,140.89018456110742,0.38410054283639505,0.3396942862515298,0.2592926582031735,0.009153016738576132,0.23058735066561045,-4.041927361112021,0.4873274318245051,374727,5,0,4
track_2839,107.26198629438187,0.4734191666998424,0.5584472693920081,0.6863054900923867,0.29084018916172205,0.15729449805547455,-19.03107027527551,0.6458666736894307,179624,5,0,4
track_2840,99.96377791721066,0.6769597603379275,0.3542309637185265,0.12555535520294314,0.6558638788043889,0.11650745526118514,-3.007572640443165,0.8125035335599955,153870,1,0,4
track_2841,137.8819269917154,0.298668928776501,0.6768922318912755,0.6349154958155938,0.5374587415896329,0.04572147253829196,-13.166242287142696,0.43568261831597643,186575,11,0,4
track_2842,122.4118789457581,0.5330187540974506,0.5065060859743382,0.20756936154416736,0.1440985641896624,0.1629580198469804,-9.376381229681126,0.6091585383829429,211398,0,0,4
track_2843,126.95440182962663,0.6824326397036509,0.12556254218268686,0.34952881311664347,0.4454519458230276,0.2301313100200047,-16.43977565198286,0.5031469018604088,134028,9,1,4
track_2844,85.0623998322421,0.6706510437695934,0.4335746858811701,0.324610887301819,0.21872066627764178,0.2927229887724252,-23.205136516064265,0.23286032126426928,378957,9,0,4
track_2845,73.64211655804579,0.3711104017576835,0.2143894229304403,0.2454339601722288,0.18674780755905726,0.1861657623805196,-14.618305996798044,0.5453513183344647,293037,1,1,4
track_2846,87.96833570241895,0.3608283250851522,0.8403787782006692,0.1398369232569141,0.03190293634344454,0.09662640813408664,-10.116054499076142,0.19843943667402897,385176,8,1,5
track_2847,86.37535842958235,0.8711620861342924,0.31223697626122304,0.20935577957193474,0.20760967307512654,0.06406266770452577,-17.24935861211321,0.8287322532522973,402611,0,0,4
track_2848,128.58597805958743,0.3146491056980646,0.7393593092956682,0.145019761219054,0.7729455952816362,0.021083118458880404,-15.682531653866793,0.5491092302049239,140071,4,1,4
track_2849,134.27952150882155,0.6343544056253986,0.495148858313703,0.5434369759078815,0.17392862150194593,0.10744661539747882,-13.50227563441959,0.21409307608314546,205222,9,1,4
track_2850,100.34609131402799,0.5205862007600697,0.745262975880087,0.07956010473846416,0.6946885454819518,0.1424081067825559,-23.11184927387549,0.4769362456277474,142191,2,0,4
track_2851,147.92757056473056,0.24994067100916165,0.688155080434424,0.15415439181670987,0.43571019503639746,0.02,-15.704692574189007,0.48285905255015615,251600,5,1,4
track_2852,146.05408181295388,0.2746708184577104,0.5228498076372181,0.27856754998679556,0.5905734828798858,0.3886063952428562,-12.739689418859781,0.5535632363003117,277576,1,1,4
track_2853,112.30196749201617,0.08771966155589117,0.6340229541867047,0.5966567638439497,0.062151159582549825,0.02,-17.177777652304304,0.2794898496124512,186513,9,0,3
track_2854,80.34324685370879,0.8147305191563979,0.3845530234479891,0.8273208362860032,0.06297161738084181,0.28795425071978414,-6.5565228058317375,0.4681767905453229,226487,11,0,4
track_2855,152.2612994830662,0.7367278953456163,0.28383760126979746,0.47388404531921186,0.3552235390946891,0.02,-12.64157060417778,0.5185100781792888,399044,10,1,4
track_2856,103.16947946914776,0.08642484770593974,0.26913946131306377,0.3856799346520466,0.699347790727024,0.44985462695086126,-26.794820632747516,0.43342206632303976,406868,6,1,4
track_2857,108.78495589292923,0.6149227940137456,0.1449547377731644,0.17669959721494266,0.4045471531669286,0.04301747379227874,-17.068775240907108,0.397445702791236,411532,8,0,4
track_2858,94.81184923180294,0.7714975890636199,0.4129747489159457,0.49960298081760074,0.35680788215361176,0.25495895271076763,-18.163458230398025,0.2243362949431343,406107,5,1,4
track_2859,78.30629021108408,0.21585790043168523,0.6447900554439415,0.37753230054387443,0.31016235434938727,0.0895180739095147,-19.13930629688421,0.9141383801849724,257914,7,1,4
track_2860,60.940817090541245,0.37474657801276706,0.7776367829344653,0.03526314535641277,0.4569410446391088,0.24962412161083666,-4.778512023148291,0.32222352545949384,370873,9,1,4
track_2861,123.98604970671865,0.7535150365963271,0.8414146795937415,0.13420975615711667,0.1693368467827266,0.1267115407582429,-10.254225626357572,0.9107812921920965,173466,11,1,4
track_2862,81.49796838310138,0.23751209047039887,0.7492404694514074,0.7894615005157238,0.31605332435171485,0.10918099801160835,-16.284925879081815,0.2999180412356838,375154,10,0,4
track_2863,196.7859368699047,0.40621652263406505,0.42538866188938756,0.5599329248963676,0.5300993159677928,0.19337475437761228,-16.821624784744955,0.23946375214713414,352498,7,0,3
track_2864,72.41779252162563,0.09475781849724989,0.8190746913397758,0.018168288972123164,0.3419444803783317,0.025591453611591534,-15.90811712453695,0.704778519523624,258490,6,0,4
track_2865,67.2785257505589,0.3940557595303468,0.19052001993085677,0.5628284877522358,0.08842095818190628,0.04615872505629413,-17.506694337826147,0.5016020486699218,331062,11,1,4
track_2866,120.30416146840324,0.2590905823247676,0.3709931951922438,0.39030132125300127,0.46127676922039734,0.418294993545567,-18.185589166498467,0.5021739159905133,381076,3,1,4
track_2867,150.87940436901886,0.2931427954442583,0.2709480477751071,0.4256203572937264,0.05053060844565213,0.1546416964631598,-10.966255164506808,0.451814961743806,158130,10,0,4
track_2868,106.93768970829665,0.4511635937173458,0.4114417257448334,0.4263145576416426,0.5372153204370628,0.36915936725628956,-26.383670187213433,0.1811558981239046,160140,4,0,4
track_2869,122.16727260561822,0.960967807386596,0.6635106068124054,0.3737072520377668,0.010414965113353864,0.06312834388621548,-10.886323943341594,0.7656007840117304,393259,5,0,4
track_2870,49.69357747623871,0.5905172755436046,0.24340565607487782,0.36277499491868287,0.6064189604033707,0.13738892309888068,-23.15008234029667,0.696540232503178,203544,3,0,4
track_2871,84.67465362924699,0.5502899359572966,0.34198174087835664,0.24305441316890916,0.018411066473632217,0.2233892056904704,-10.931484831317931,0.4045650499579001,403185,1,0,4
track_2872,72.79152812587299,0.5907519621601347,0.13312752963131075,0.5963111318022114,0.10440067698592888,0.07507137857965596,-7.604008059829573,0.639583728205714,152047,8,1,4
track_2873,48.14862450156357,0.8092278605372455,0.4714980146427176,0.2244261996875216,0.16159765272693533,0.11693527745025596,-20.24940942015122,0.6819902893508738,144128,4,1,4
track_2874,108.50940702071661,0.6513240079755708,0.3331267261725897,0.49964353553009205,0.36971799211932016,0.06549393220370416,-18.384910097818615,0.6762214224047585,299697,6,1,4
track_2875,40.0,0.825206341926363,0.652318661921555,0.11375056250958804,0.07319498037097609,0.1578783272210716,-8.15003789177445,0.5779511079252512,141582,8,0,4
track_2876,65.33412101737653,0.3737435740432898,0.28969729420039075,0.3091796605241704,0.22522649324414515,0.29096080565427695,-15.880102828283773,0.5715755785846506,331282,9,0,4
track_2877,88.88418617959746,0.38156993638662073,0.8797157801113564,0.15410248280379338,0.059219480340291605,0.3106376931409876,-18.689518758023645,0.5717703433132476,382971,3,1,4
track_2878,80.0614249214677,0.24264144667429277,0.6326202049295088,0.4692677751538638,0.5531901638875443,0.16914097824434177,-18.34454623621933,0.5724163828184281,151271,10,0,4
track_2879,116.89225506621203,0.5497021506519361,0.9116477613915159,0.49339136878644896,0.4468389957483996,0.16117596828688463,0.0,0.6370984016281672,192195,5,0,4
track_2880,114.1674057570744,0.4246313429773151,0.7856595098932451,0.07252130166074518,0.4177317112024444,0.24081015642644332,-16.978000862163068,0.8653093117295718,251853,10,0,4
track_2881,131.8139623780637,0.6232960078197326,0.3409848600376757,0.7376251888688655,0.2033113518749774,0.26669869973760674,-10.960290283562422,0.6533820505874831,260306,5,0,4
track_2882,127.57151198138034,0.46219127803369014,0.6984573090737998,0.5717180760200509,0.49074322223455463,0.11523053846902404,-10.095472316005722,0.1759266238573638,331718,11,0,4
track_2883,139.2243836808414,0.5605939333260682,0.16412019081627588,0.4868302298443308,0.3027594313907017,0.02,-4.6139517600036335,0.23077450013355377,260917,0,1,4
track_2884,104.94244799972837,0.5236689478472634,0.3695733251814275,0.2541941019238488,0.08242602734310694,0.1306817957607032,-2.4083860141111835,0.6653929466997933,337212,4,1,4
track_2885,114.10400702450009,0.5920566399173379,0.35089818275700035,0.3452863821862787,0.08121174864162174,0.02033061479307927,-25.286684914423148,0.5826742704563159,183052,7,0,4
track_2886,120.34541105757575,0.39491621513433395,0.6249145694200074,0.3034660438530702,0.43283678314882607,0.2986748956897993,-5.291270568410813,0.4252448619216186,126589,8,0,4
track_2887,109.24970092173078,0.8684258580617502,0.6223145519478163,0.42392086075668994,0.5810330583907952,0.07391851515895846,-13.157743775126553,0.3721844735159103,279206,4,0,4
track_2888,93.08417070248778,0.4971186012002438,0.26948217706468836,0.5879211687106851,0.0030090374566172787,0.7380316603466861,-20.16418587157684,0.6870476068265309,317883,11,1,4
track_2889,95.0267239698069,0.46054139954288803,0.24840477503127312,0.2829156602949555,0.10307249927656872,0.04735535477948953,-8.127481648963723,0.012423481662556565,178453,10,0,4
track_2890,80.47324805010103,0.3638466914052845,0.8108753569433108,0.4993701387856787,0.05554178679864117,0.12835437178503545,-19.413276050192977,0.67291815452983,264314,4,0,4
track_2891,117.64850489729488,0.19978533759169304,0.6689191022704144,0.561768409834859,0.6275607946558024,0.08608919511341079,-6.233208920261859,0.8145620047442431,406899,1,1,3
track_2892,102.17954477744533,0.1708429933856761,0.8822316972460018,0.37198978640453667,0.3058903189528907,0.3113381490285077,-16.286536938572368,0.6588467143852567,230380,11,0,4
track_2893,85.10478748089706,0.7877449331191885,0.39591766034729725,0.5584817217919196,0.06429544450064703,0.02,-7.539242704484839,0.3831833514022953,128305,8,1,4
track_2894,85.13265542026222,0.21166115641879107,0.39424171440776923,0.030283016346797833,0.12160071582290484,0.15212279001119824,-9.547803844222681,0.213862465731106,355762,7,0,4
track_2895,68.68803816651635,0.13078451558600424,0.39426193017137223,0.40283354719325787,0.04420878085828488,0.11565340693084426,-21.2471397729066,0.8861413895225316,319642,6,0,4
track_2896,134.36524023711598,0.5319080216579702,0.2906697265583915,0.16164512503580128,0.14255949337071294,0.19314931407303074,-22.457017272220014,0.2143026229985226,320113,9,0,4
track_2897,107.35853008595363,0.6405911792682142,0.4675576853201534,0.04274114563813274,0.15486628884927603,0.08788194406742394,-12.988488741592366,0.3594591765472404,398214,10,0,3
track_2898,79.1159994128019,0.3114030656658773,0.30965868922366047,0.36353498481466756,0.3178397545983642,0.27563200056905873,-16.916042890744503,0.37098263553371447,352852,1,1,4
track_2899,129.25643248806054,0.4665378994102503,0.272228695743684,0.620033310808653,0.08199973979991028,0.02,-10.025559820413065,0.5752694475698408,279799,4,1,4
track_2900,88.18653570616881,0.45684239883164324,0.5087948307219934,0.32382596883105524,0.32274197311385894,0.3402216494839756,-15.402032845464685,0.6120503432215598,205942,0,0,4
track_2901,62.80498118963302,0.7559336134078996,0.16290603333913348,0.6967195010408581,0.26852596792733563,0.04011852829844568,-19.209452180305426,0.8299872012726919,392635,1,1,4
track_2902,135.636668676574,0.6055008337809413,0.5057296810120726,0.17619996864694487,0.12287822124571829,0.10949411183551218,-11.921728407928004,0.4247088469508414,209505,3,0,4
track_2903,88.88709031301661,0.7874336717371208,0.6013282384383972,0.5461678619154791,0.2236453771851791,0.1134047714852902,-26.444253885306427,0.2851494896207469,370397,2,0,5
track_2904,92.73302729373631,0.30907779931229534,0.9485773553888708,0.13432941904866313,0.06693839122254212,0.17310003390814713,-21.968690262609112,0.5246591031629803,346691,9,1,4
track_2905,106.23540061047532,0.7310506184429002,0.34601903310461063,0.25601398642075535,0.3778653697068158,0.2874220217288781,-20.220392038745487,0.3981774513792097,172482,6,1,4
track_2906,139.27767668370345,0.4621390827387831,0.15731838940189105,0.2637418295987762,0.42847193573290565,0.02,-28.37814722568008,0.5254475974433183,218433,9,1,3
track_2907,105.60111872598935,0.5463537086937994,0.6671860628727395,0.44988814585087766,0.37881723854798877,0.23540037683467824,-11.82218600194767,0.47446455783495084,157783,5,1,4
track_2908,69.02648621564309,0.10070397476850315,0.3166122617312093,0.1431870283515861,0.16012566759144278,0.22517810643849898,-19.12748869025119,0.728268046564837,357428,0,1,4
track_2909,121.31631012336541,0.549724997505212,0.724228682482694,0.25262099178987146,0.15563045199312717,0.15213035168875125,-12.58749166335758,0.567229843216177,250551,0,0,3
track_2910,90.45030827214828,0.2156020992196603,0.7850985937009715,0.5874477042101138,0.08901438323977123,0.020977771810575863,-9.522443006949352,0.39608790427344337,152191,7,0,4
track_2911,161.63771914588398,0.1686458120269472,0.22708491915448814,0.5466445058486187,0.10654300034116564,0.03636299231223328,-6.395190201004441,0.7754156575674165,246185,5,1,4
track_2912,104.9664083400633,0.1794034895387654,0.40351929715501234,0.19715721187605575,0.3201575845832978,0.09083644506852383,-9.211779481960924,0.568208820237433,396764,0,0,4
track_2913,40.0,0.1917889146547601,0.8702233553594253,0.5456905546657294,0.1714070928787795,0.09444633556850893,-23.612875268057152,0.8207734340873489,409375,2,0,4
track_2914,115.72094916467022,0.4993583321693005,0.36260581145667353,0.4271592338336534,0.2672883053912359,0.0970092920522402,-19.416019024014886,0.3567684728952266,264666,9,0,4
track_2915,163.33793376780685,0.7139776353390229,0.6061309384774346,0.5920094237284605,0.07891749566631748,0.0939322850827705,-24.428251309877975,0.8714909418024686,272685,7,1,4
track_2916,152.27760865636168,0.4055191511564657,0.5014070405088383,0.28852410252477184,0.5631885742144185,0.25732140982265067,-19.505192307146622,0.43242958560439615,330433,10,1,4
track_2917,159.92862866269695,0.5648860113761158,0.01,0.6191337393441442,0.48256499027872396,0.12619282103586907,-5.205944144476247,0.5931476443899142,347412,7,0,4
track_2918,74.40719443855609,0.8580980568168897,0.6277652919221985,0.1990538169342954,0.38835589683848154,0.08377451316661703,-12.21153808326207,0.08865758300943735,384981,9,1,5
track_2919,132.36457187930336,0.7645059334778276,0.560599038689162,0.5621337893658167,0.5343527328435891,0.04775744024346475,-8.031062143364112,0.2722356470895004,130813,1,0,4
track_2920,83.34016380789865,0.25213026453847776,0.6687214628216281,0.20857240495976573,0.13998234855218972,0.4968528268148966,-22.015614985124856,0.9105713502711846,270787,10,0,3
track_2921,111.72868198250774,0.3904198670740045,0.44020085736235515,0.1521150578546322,0.3874010046958416,0.23166516712588,-15.237066729822443,0.30156776718921735,338385,5,0,3
track_2922,66.81142713780802,0.3442618620953601,0.47761492092843255,0.1340599262067211,0.13505428416821708,0.12111980004500583,-10.41587286819478,0.7460310533033563,144272,7,1,4
track_2923,85.66632705351851,0.5722926134810713,0.8833972461534194,0.4181155884298515,0.2722401827038379,0.1833631523278321,-20.046351115956565,0.9210014211213734,373333,0,1,4
track_2924,84.71259907909155,0.6517021167202193,0.06014933732239779,0.04243745884268327,0.24697084137802497,0.12718914751126031,-15.343051940409449,0.4539782146808343,367517,1,0,4
track_2925,131.95665840427847,0.07160277166415537,0.8797831675804789,0.1816596240632607,0.11222931869057623,0.025276578212834282,-8.327938991404688,0.3453942132577709,234964,9,0,3
track_2926,129.02157365008966,0.15921742542250603,0.28909712270835186,0.3632488697759381,0.2711709781847372,0.4367649760781783,-7.993617443306283,0.7631801033758912,265103,3,1,4
track_2927,113.30459187992463,0.1471305636546611,0.36039890567910426,0.5705924409114463,0.017445133284026533,0.3104827698753879,-10.828567791424852,0.2437185378145198,262960,1,0,4
track_2928,64.48735745833844,0.33030171067402725,0.5888669570023062,0.8585146905307179,0.09862411437569632,0.36006054090491735,-14.236091846284975,0.2603180974931842,120721,0,1,5
track_2929,95.6508169815084,0.6388119790362268,0.7591196618432039,0.23742898450305738,0.06894816124844177,0.12404389467781282,-13.341254797321378,0.4193580541644418,278859,5,1,4
track_2930,82.61650551171822,0.09572224093014771,0.4341581912735891,0.5244100248133379,0.24849143678807553,0.1105304271086468,-20.700716897464464,0.14450663833792682,352294,4,0,4
track_2931,131.09027270083473,0.4674342696621523,0.10335511811799161,0.5863289583536114,0.1270214924668998,0.5104351766134853,-2.726475904169398,0.9050133711348727,182273,7,0,5
track_2932,140.34554558451555,0.353858240838325,0.8641507002912009,0.26856400920586765,0.28982493318890623,0.36959337861832725,-21.722007862411036,0.32637556573725207,172470,4,0,4
track_2933,136.6915675809265,0.45765552159251094,0.625164542538743,0.2852364383876411,0.25971438011711556,0.15612436077574737,-6.226279492122039,0.4320191882117618,235345,6,1,4
track_2934,82.34341741748938,0.5217875007596515,0.5975457225844254,0.08994487453783037,0.16160778481781787,0.03415016075627129,-25.553570983265466,0.4554966853902429,142193,9,1,4
track_2935,40.0,0.49326595763962655,0.2782073390332343,0.27355202297607323,0.15269656549125535,0.1380496828874551,-15.638472181622557,0.8053675750524749,261441,10,1,4
track_2936,51.99114305609837,0.044801568286309525,0.13795334642485094,0.2736593054814197,0.05154063744313245,0.02,-11.737494190622929,0.685218440413082,317392,8,0,4
track_2937,147.64880934246625,0.7119035026614554,0.8141146199932477,0.38681835003501613,0.3777706937280443,0.11406387108510535,-18.38115350881905,0.48031003770474595,175483,8,1,4
track_2938,92.96235182040527,0.9277142063729876,0.252703623898986,0.6671830123234461,0.06331121927912446,0.041187816788726274,-23.02328419378022,0.5634838501476576,304429,0,1,4
track_2939,82.47826145204662,0.16765569115802678,0.762776879185784,0.10452568327807818,0.1962290541362673,0.1652328767721767,-18.95223997014022,0.221735633755511,416096,0,0,5
track_2940,154.279808803087,0.9084786633312347,0.47251501609092994,0.3521099137261978,0.06838434354676726,0.02,-15.504852635131735,0.4960176188883177,126203,0,1,4
track_2941,142.9547983646498,0.12482537912873426,0.4495867630109688,0.3750107748365737,0.12512926434298208,0.07880641532649597,-13.004710764916885,0.47542669838965873,220562,6,1,4
track_2942,105.7334616575936,0.6189915905487029,0.3480221324141484,0.5337567264426355,0.4861843246882155,0.3008768772872115,-14.73431862176184,0.4358409195496926,310541,3,0,4
track_2943,96.19790726808078,0.806243200065437,0.5637920120091874,0.4264960200224917,0.21118595520563985,0.12966170685806977,-13.256666565610299,0.40106977818377315,262562,4,0,3
track_2944,101.03696361560624,0.0606479031453537,0.3314391779861696,0.6937998269766286,0.3745947299148806,0.12663385397648902,-12.006484316240805,0.5648530448064253,138403,5,1,4
track_2945,111.81488395162398,0.7555561410364876,0.5014286745875142,0.6691054351630947,0.04767709315954461,0.10259264081568273,-9.982052774533567,0.36894976174815997,173438,4,0,4
track_2946,153.00141843958824,0.7621453210237686,0.5008553464778671,0.41183885864000397,0.04728241079184018,0.1141524955353714,-16.775347579667464,0.3880419702965565,290057,10,1,4
track_2947,117.6740227271168,0.43688895390951005,0.8307407732541885,0.5232072526826334,0.10738982649260605,0.02,-11.96528942587392,0.09223512342240653,405305,3,1,3
track_2948,126.78087099117424,0.5964988223201481,0.6156660826021922,0.21509941634436922,0.3257131406872786,0.04807678038431421,-21.059952015820347,0.762622428858651,196787,7,1,4
track_2949,140.07810327210512,0.3597646987669085,0.2767925053549824,0.18365598025978758,0.01620888274888026,0.07868665386371616,-23.663617317388685,0.16022587042262645,342853,7,1,4
track_2950,69.90971996926743,0.6174987754653846,0.7921736506056595,0.07359501722937763,0.03883755000063669,0.13327944462696126,-16.797883865040394,0.43797029217306216,304850,2,0,4
track_2951,127.64585677422129,0.8312881844648835,0.7211450673218563,0.44613605690248787,0.1880185913140212,0.03257451064208273,0.0,0.6625346600434918,142135,10,0,4
track_2952,96.16293736015166,0.5409035900725259,0.8422187707224756,0.39509608339247515,0.7172799397644686,0.042251629331869066,-14.081228766271712,0.12051749737717767,214722,0,1,4
track_2953,40.0,0.27005685897910403,0.25162982627646274,0.6570261502980572,0.4264989469107965,0.07526021657559272,-8.959013652264344,0.7016973729962359,274930,6,1,4
track_2954,41.15491374042564,0.9526997444580482,0.13762313315390173,0.48954417684960094,0.30615301444856213,0.1278941721823386,-6.881866663872511,0.7104959300901436,218353,1,0,4
track_2955,74.45647165443944,0.4593184213161206,0.33561519524948574,0.572689417897929,0.08804588469817286,0.09449039544194067,-15.86946646201629,0.6901965313265893,242224,2,0,4
track_2956,120.93669685777745,0.6269148723982264,0.6020352207263563,0.4895203702274676,0.21581232848678145,0.3250421431500761,-5.085563285237509,0.27852400173274966,380069,10,0,5
track_2957,108.41398696020889,0.20333347825647313,0.16455321435114387,0.08834044854958797,0.03659552445473022,0.32701950279974096,-11.02986988211538,0.6919394615564682,358890,0,0,4
track_2958,110.53100121526992,0.5492928806243637,0.31372544361742427,0.20272126255700262,0.4784311285046443,0.22632873782629082,-7.450519485160541,0.7030142112858573,206807,2,0,3
track_2959,163.52830448060075,0.44968665336753766,0.5569957584354481,0.24173646922025688,0.12609487097648814,0.1209947834969044,-12.819100117786911,0.8489816669365859,161259,2,0,4
track_2960,66.92731155420563,0.5937799252605372,0.04464773080606084,0.5798019667181168,0.06911437526256903,0.10707145313624226,-12.48419071628404,0.11373096076682265,347291,7,1,4
track_2961,104.17699937448829,0.4370174648795976,0.47369482896502724,0.49974261799921693,0.21715579466544907,0.29418418177858907,-5.448081893006767,0.256916139923464,201313,8,0,4
track_2962,114.13306568441448,0.2215740863025625,0.6329481517276244,0.2693727268094328,0.34118260613443624,0.07902189010414258,-16.924712763324656,0.23138588021080264,283035,2,0,4
track_2963,82.91180650384993,0.5676566511619835,0.6240261087127169,0.5611326840372404,0.09741251706148138,0.07181987141001565,-12.00603646213202,0.1971624576400988,345694,10,1,4
track_2964,105.84980235248823,0.49483078408557446,0.29125760985592564,0.6832347667431409,0.13253012497922823,0.25056920021125656,-13.422377911600334,0.2690340870067462,188590,10,0,4
track_2965,57.001519977469655,0.4938669738942505,0.5920984696674916,0.21239258905289188,0.07642833530163691,0.1473884700799438,-13.161760156287773,0.4701584645320793,150387,11,0,4
track_2966,147.29718651825084,0.36358402560222175,0.08193819901606653,0.5858777002507717,0.09443316903126862,0.04279848609819017,-9.791150070743612,0.9114234257402892,184894,2,0,4
track_2967,84.55156342408699,0.5548940391458557,0.8913589525698913,0.5846013687008361,0.12683591293371452,0.3621565530754368,-11.964248028350976,0.28182819030682543,363431,10,0,4
track_2968,165.94200494335507,0.7622819975402019,0.2825564952764787,0.5691928946328335,0.226080469035749,0.02,-14.348120085028523,0.6953692699052613,387925,7,0,4
track_2969,104.02577028247634,0.8155340090189319,0.1480058999694464,0.5507245596043158,0.21840403911047157,0.10815400926949492,-3.809947799145643,0.4955086457059558,374112,11,1,4
track_2970,135.8416069619755,0.46063858765449106,0.5195882945126448,0.17169207594190597,0.05414865206937654,0.24871010826240114,-11.575512448281327,0.3777792489084711,193416,6,0,4
track_2971,103.40091393026538,0.41583158651078306,0.7979044100628803,0.39567033395384227,0.6179560844700459,0.02,-17.721308458174583,0.45971372333638033,214975,7,1,4
track_2972,104.0776850321841,0.3952171991053108,0.6694982828842512,0.7301250491594893,0.24164210987274673,0.036917217210267306,-13.833875857724003,0.4510076896522854,331679,9,1,3
track_2973,87.47912000333977,0.38742070079697855,0.4397678133003158,0.23723554555485454,0.06755044487253314,0.18907178830105312,-13.85906495414371,0.8926515496748042,360513,1,1,4
track_2974,108.57371788098833,0.6261559121700043,0.9276456737203952,0.29163727127270717,0.371008122241094,0.0968157046394053,-17.20560872734234,0.2304056819223822,123259,8,0,4
track_2975,114.53996083242143,0.6135910512882627,0.4468373664334623,0.7237291302734504,0.12241907103668628,0.1312472994376201,-16.5806929626428,0.5296382619932465,182170,1,1,3
track_2976,81.4722447325446,0.23181833103228006,0.9089574095637687,0.4786385829380185,0.021232436234177463,0.02,-14.588840969508704,0.7269465308457064,386116,9,0,4
track_2977,101.24866752420347,0.5963081376006277,0.31697311331760186,0.6886153894161371,0.0257720539655856,0.2961616602004864,-10.893287902395983,0.2576540606619289,285965,6,0,4
track_2978,86.69703401828659,0.36789697783969766,0.884379257207543,0.5430217140236926,0.15058886764726298,0.40944836045846444,-20.7031904967306,0.8053459774126966,381929,7,0,4
track_2979,173.98992208844516,0.5608091257152846,0.5652924940102388,0.5679287830470457,0.3183407869435904,0.11035434221256694,-10.501792591693183,0.6543480614604575,167261,1,1,4
track_2980,102.30807690265145,0.624595920026193,0.9579549163319552,0.6153490681808038,0.5584910962451896,0.5085050481514336,-15.157644282108103,0.2834118860677562,231771,7,1,4
track_2981,151.35696455089678,0.47253133868336755,0.4113278952781567,0.3287350636069842,0.8248447089081895,0.08029304127961454,-20.44371932006714,0.4244334929500202,233020,7,1,4
track_2982,99.13133007576936,0.8822486625884938,0.5608118741487725,0.6823169042497936,0.36529712981529866,0.06035869485161708,-10.817963291816895,0.5481055348584118,296284,1,0,4
track_2983,112.77862924604725,0.7048818772093942,0.3307964036990919,0.7237010643319202,0.3042516497444171,0.04018174750182503,-12.060104012653737,0.12922537369103257,171990,8,0,4
track_2984,65.35907785064192,0.6331967362801333,0.5175700772345212,0.6911812589548605,0.37675508600013663,0.35120336373488026,-10.483598495992254,0.7879667465980726,317535,2,1,4
track_2985,91.58782224396406,0.24848204224450038,0.07158504335754169,0.3372493937594462,0.17778878535367862,0.051173212562563325,-7.2742814521839225,0.7558927527066794,342038,1,0,4
track_2986,111.3160401236774,0.7161972433185535,0.21837088123613924,0.4363185785543325,0.11028802774286692,0.1556204231150649,-2.9218825683901812,0.6852508402097254,256468,0,0,4
track_2987,152.580114928796,0.538414977456682,0.3956491125601769,0.5761684798843022,0.33757831567992236,0.0807821838907772,-13.41839219431385,0.4551514838887413,286154,9,1,4
track_2988,111.65948333028814,0.700435956124651,0.3843586603558167,0.03679343511875336,0.01904502305447735,0.21320893728495552,-15.536740709556247,0.5831632473522745,146997,3,0,4
track_2989,146.51161083578998,0.6952533252516447,0.5976356669990913,0.4450454496608574,0.14613108535428973,0.334861869974525,-14.625507797246641,0.48992748781296913,132989,5,0,4
track_2990,124.2218733060876,0.15687337565470968,0.5248909092683068,0.5084219341267332,0.25306026792800596,0.02,-16.017605167664748,0.6953707582257694,286966,7,1,4
track_2991,153.82204018394057,0.743777726792242,0.07757172225805296,0.42205385137379264,0.040848598501221,0.029591833597380338,-17.17633862222953,0.8411650833293361,384769,0,1,4
track_2992,103.22873348084833,0.7735227789098674,0.3167423649510601,0.35079301034742816,0.7302011775471374,0.11151716104571896,-13.787967207940607,0.6962741670776562,169492,4,0,4
track_2993,176.70668131955412,0.5933172404403686,0.15840037607010335,0.40345780420640764,0.18009637735249523,0.02,-23.05450809105647,0.4362446073538863,327308,3,1,5
track_2994,90.43811391257631,0.5746520040173847,0.4467536078582768,0.38602592169488475,0.35921746418030875,0.06838493094091307,-8.86180583411608,0.42458984178717274,228390,10,0,4
track_2995,82.00614497406993,0.604025396159319,0.18041700309435577,0.4780249444669348,0.37219730198693063,0.048160124598134804,-11.748770706753417,0.7828261427580712,124900,11,1,4
track_2996,68.69841450932898,0.5126939434751185,0.18059018129600587,0.09116899457085623,0.002434063260914453,0.02,-4.781924878524089,0.14638983308329936,275649,7,0,3
track_2997,174.9307401467421,0.8082109956661786,0.2463015899668187,0.06304855565601392,0.2087073632539779,0.14524736988258766,-19.044413353214892,0.2573725824543668,366953,10,1,3
track_2998,129.58342717853694,0.6555208675858877,0.6094081963095406,0.3018379800568947,0.09178167519500811,0.02,-5.258390645944905,0.7298055119558682,238010,0,0,4
track_2999,94.97637799859075,0.09744923184143349,0.7172552392708952,0.8616805854582461,0.49658302514333724,0.03375246350932107,-8.189863546456257,0.2567030115283273,211708,9,0,3
track_3000,142.47068090620485,0.47146924764629256,0.4482350161107931,0.34236528320994586,0.03158220566153736,0.23147807110053764,-19.575558381359013,0.8906771465781399,377263,2,1,4
track_3001,125.63076555353345,0.4699308874255193,0.8783046375373611,0.6968563313270008,0.011109978988859757,0.0285851587596424,-20.436579107182986,0.6402787835687634,139982,9,0,4
track_3002,163.98382414126772,0.3850422404133811,0.19815589081149293,0.37280970141728104,0.032554643274669226,0.251355496339294,-11.863454917298341,0.360778447518026,283697,3,0,4
track_3003,58.56501501780266,0.7537870634786766,0.8627416650425109,0.5207532835464728,0.08710532105688801,0.4259873779372777,-10.380728833060338,0.89521883430641,160037,5,0,3
track_3004,97.03919675057236,0.26119702663312955,0.24812818313959825,0.314179494402207,0.14485300380473812,0.0891787114529265,-9.146150477058011,0.46824839669237706,139414,3,1,4
track_3005,91.12435848171523,0.2840902119528839,0.25834005436705326,0.4926098078642568,0.14733309638188422,0.04600276997647358,-17.64586109309012,0.6081569765002984,405842,6,0,4
track_3006,45.78951970774195,0.7803106032176812,0.42542991526993823,0.4944662896555863,0.2523762355824638,0.20223669891282123,0.0,0.323474206115887,328508,1,1,4
track_3007,136.80981614339083,0.35694066402496477,0.5425592657493183,0.13628850482518723,0.09757278502892759,0.1915358186629336,-20.604042467340307,0.4630047371786893,310618,10,0,4
track_3008,96.88810332589925,0.5324808036821801,0.15781438769237582,0.3775351566017112,0.11696133968022561,0.08860214572052091,-6.864953674151,0.5984591793230621,230770,5,1,4
track_3009,127.18893614959687,0.17544644263517203,0.5323888142394302,0.245304052652769,0.022875211202040044,0.0693281311377411,-24.296063379394095,0.3704028283525246,415577,0,1,4
track_3010,175.79315802988833,0.6188089668059922,0.6302789543582661,0.3167890471347378,0.005294502051898359,0.02,-18.570100552967702,0.19993983995144857,400332,8,1,4
track_3011,94.40268924517176,0.6244844114486781,0.8964201939272894,0.1093719321353521,0.18436288073151103,0.07838060374019891,-8.5623810708155,0.49626824020082855,406805,4,1,4
track_3012,92.36541052028534,0.2755184477606915,0.8491206100787958,0.38072068461744346,0.19068404500911013,0.07297897335455046,-3.3827488159670374,0.37910580217093526,413828,1,0,4
track_3013,108.55992509171988,0.35219554746896614,0.40592066411599514,0.5096910130265615,0.3853896394398762,0.05657285399862786,-7.146400202347955,0.4107737448254703,190055,0,0,4
track_3014,134.61742058950227,0.3209521674329828,0.5138589523601461,0.5413793490401201,0.2946234891812688,0.07084913661494119,-14.844409546867677,0.6863443934206308,397640,2,1,4
track_3015,87.9986092406955,0.32830470527201844,0.7961850427171748,0.4596359953059405,0.4138443475388412,0.25363367596556285,-20.788249402549006,0.6889976078577317,195783,3,1,4
track_3016,86.07115208603608,0.6203677137922053,0.6033425293487173,0.4541219742579039,0.12007136345260976,0.02555177169808337,-6.230392611192409,0.5509252243443759,146189,11,0,4
track_3017,136.715678107241,0.21390816964086995,0.3429402511349066,0.5302040024359836,0.14674291534434508,0.1969867004726811,-14.928248190370036,0.83530351090099,337213,2,1,3
track_3018,116.35917971514107,0.49545426734011966,0.45272464429949105,0.356023694278491,0.3170614234096815,0.2740027941696288,-5.169521972509759,0.8725183861595707,280499,9,0,4
track_3019,43.65815210985538,0.05973853873242052,0.8024974404295004,0.47049368128876673,0.8717825286772521,0.10151763553859336,-6.986280776585938,0.3549431622188647,251750,6,0,4
track_3020,68.23824601592676,0.6558479307559024,0.3891264547733805,0.2902928881311979,0.6401601067117094,0.10641309823926723,-10.68694516792808,0.3814745343349993,293904,6,0,4
track_3021,150.0370759148163,0.5350809890456085,0.7876067644764185,0.9614937546098944,0.7651322659850751,0.10193079363979832,-18.71976213161048,0.43869257857848043,158314,8,1,4
track_3022,117.05784849236437,0.1443691514356171,0.6300263840404438,0.3585631446188324,0.07030462655618036,0.2736883362991367,-18.35680034928435,0.26190571227027687,177359,3,0,4
track_3023,82.13412206888253,0.4607649143867062,0.2393825483727523,0.5112505838360393,0.1753302681325398,0.2670042746444814,-10.230264946642855,0.15749966375799793,222068,6,0,4
track_3024,99.88771028295054,0.3662463951729727,0.47231632024808534,0.3851200503161252,0.23472446642728764,0.7132738702149861,-12.88099991648784,0.20075185360609654,123947,9,1,4
track_3025,105.3971001840501,0.5085883870790924,0.8379220046393395,0.5197939296768297,0.1329383601513526,0.13919132671523515,-2.4830961756491448,0.3820149737168103,123289,9,0,4
track_3026,127.07200080840491,0.04565115466520887,0.7065943203046676,0.21687983814712133,0.038064446798171794,0.19100593961729778,-10.09966044771576,0.42596274126959066,213293,2,0,4
track_3027,64.25209815423631,0.7205244691187574,0.5068516802670452,0.12926179779795224,0.056962175076154115,0.20097344445007737,-10.602800152798098,0.3037024051057224,212938,2,0,4
track_3028,79.77152583988627,0.3731401465977624,0.4361824962343021,0.734789220078616,0.035719937643186664,0.05972804445195326,-4.442847003210822,0.7315189769034043,334848,4,0,4
track_3029,113.18867264590166,0.1298996880920119,0.6492652508895828,0.41669265724963905,0.47241691435129024,0.0838050402886455,-17.560467342365115,0.7093983617278875,224010,10,1,4
track_3030,102.0049625851365,0.37333720471069,0.10914098340950032,0.16838495156958325,0.3087977023034563,0.056344492462509894,-10.593334941068063,0.4194888355040568,130790,9,1,3
track_3031,122.1557754791013,0.36653554477644634,0.7987139708058845,0.32066762758050393,0.34468530559858673,0.6972153860828167,-18.84132638619964,0.7102693535328292,156028,9,1,4
track_3032,68.11477807921207,0.2987803236337105,0.8525813220632136,0.4013639567812588,0.15063046643696018,0.16325847533975918,-8.325652436871291,0.3855033261142455,304107,8,1,4
track_3033,115.71386028813963,0.25112520648633746,0.4697544357286924,0.10568258071260998,0.22052603946429591,0.2251710075347076,-4.206396431089697,0.12125350880066386,300524,0,1,4
track_3034,137.74750858132415,0.11994792278581809,0.6836312471560684,0.17233937018689066,0.30416115120787435,0.02,-12.543647076229574,0.2070406546980509,291387,6,1,3
track_3035,119.60455641447851,0.5205253475254487,0.2806358156470229,0.07820024350959953,0.07763151313642022,0.16573696260892393,-23.808916068781652,0.6922846581243268,199031,10,0,4
track_3036,109.17335219284776,0.12680886503848435,0.7420952884720896,0.34079074817818134,0.37825273322592357,0.24558538569101185,-7.606340208924163,0.37766786005178665,127836,2,1,4
track_3037,102.12349192302088,0.4396933393672151,0.19910302574851285,0.6494216808344054,0.13729790421757548,0.14100831373695932,-4.606874243120606,0.4649112675992562,385952,10,0,4
track_3038,79.95446541685494,0.7146000135537619,0.5963348023499383,0.17791403680685272,0.14415581042258344,0.17029168078424672,-18.131848933660184,0.543891256541882,268707,8,1,4
track_3039,102.84004222680635,0.3916832542924644,0.23457970014168877,0.07982151635606242,0.4050365778093091,0.049413385452414055,-17.67957383404902,0.09527032612983637,417296,4,0,4
track_3040,142.79117558641218,0.579917739901357,0.7373594676194148,0.0734914473391833,0.08850564964604493,0.05167556225660434,-7.7893000369592515,0.7666545162919773,398328,7,1,4
track_3041,101.42914480199624,0.33669745346243746,0.8060992593009852,0.5104790269827706,0.24235628980709328,0.07756485514690915,-19.2075802353084,0.553777069036194,183512,4,1,4
track_3042,78.3058803195477,0.61602331322204,0.3145035480745337,0.1633151900847685,0.1512440581117996,0.08655785862050969,-20.354400422004034,0.24310711198816448,130612,7,1,4
track_3043,90.23258733703841,0.5603695675268967,0.748225134696984,0.3314906831804386,0.1596377215911555,0.27645348120398,-19.06338041395344,0.5738922624900209,413015,5,1,4
track_3044,111.02550891827791,0.649425840524872,0.3014861433405244,0.6863452152903768,0.32916510936969784,0.03823493628259638,-16.349970258122113,0.43563131638453667,321682,11,1,4
track_3045,93.79458008457459,0.7389808718700502,0.24051001434004018,0.3736550182332791,0.025128353371711248,0.29916654211429866,-9.177721574623899,0.6297320759101728,195812,2,1,4
track_3046,119.55909849189422,0.21974036081243012,0.64362401070699,0.4795039482070754,0.06560916957478882,0.021114149057424828,-12.706901929386284,0.1769843432276649,393635,11,1,4
track_3047,120.6853128224709,0.5029968805856855,0.6534734070588832,0.1805701802895894,0.34163617553948494,0.06287712103957152,-7.928179060126398,0.8285267390545675,171517,8,0,5
track_3048,131.66949541213944,0.6746459858943086,0.4268131398633963,0.4505069857198923,0.6837596574063413,0.04210918137562048,-10.215886438406034,0.2727325312967772,121175,2,1,5
track_3049,147.70678416795099,0.1275489306541158,0.28297113732906437,0.1257203921749349,0.09391701457106151,0.35572005566040626,-5.548119353831876,0.32711168838518623,263883,6,1,4
track_3050,134.87576173117083,0.39075252972775326,0.2571091132965145,0.5388821041682172,0.13249739028662696,0.22362818952229496,-7.355215873195988,0.5986864304984805,200956,4,0,4
track_3051,76.97282807556121,0.3811519428387004,0.6655729515708612,0.45352794357880793,0.6356852685798656,0.3929360706041191,-20.300635966442908,0.45989423573181565,200781,1,0,4
track_3052,77.89396660271183,0.8835697637045772,0.8042122703378718,0.7729085869256404,0.13517626362207574,0.4267370072352334,-15.728543954638543,0.6547182269141864,343168,5,0,4
track_3053,102.72685570620527,0.9704842222762508,0.5463564545125233,0.7675106366476572,0.38482212484413253,0.13812619714193822,-5.979357548639689,0.8467728201066593,253819,10,1,4
track_3054,91.46473928281756,0.24188795453920317,0.36808713041977814,0.22318746067805542,0.5381172200088234,0.5259039432160473,-11.21537122075843,0.5404645816768069,160103,10,0,4
track_3055,70.85019819117173,0.6480952588884848,0.45729377867570875,0.0387452611432909,0.27730559469572996,0.046377112735844835,-16.80371395989901,0.6793714141044513,178229,3,1,4
track_3056,91.74924617481017,0.3533662079082137,0.2996583325488394,0.2895829059174158,0.04962491282973534,0.10416252358180679,-15.90021762993755,0.4809256484038334,256665,3,0,4
track_3057,90.76461199142884,0.8596353713289585,0.4600516208559809,0.33990607684084656,0.1903380776738378,0.6228225639396578,-8.4410935334381,0.5115987329408631,329700,2,0,4
track_3058,84.84456780716383,0.5851889762118534,0.7107483502072447,0.14164080650687239,0.019500133879104726,0.05970765323070977,-15.86827263647523,0.47742059375708173,324611,3,0,4
track_3059,95.52631541534983,0.5571476842664306,0.4117343256962158,0.6628516433422198,0.7457853217641468,0.20734788272577884,-6.856049680144489,0.524985349407901,399814,9,0,4
track_3060,140.35352550954994,0.42163813371597814,0.4473651714800206,0.7210361305956768,0.28912909540382387,0.06806475800225203,-14.921990051452127,0.695994038291914,178149,3,1,4
track_3061,110.97714123747718,0.3592159809504452,0.3981481189385245,0.475174905396712,0.147289437565404,0.13749288908898982,-4.766825889853578,0.620703281446648,390202,5,0,3
track_3062,179.15427228166408,0.47849654606758796,0.07063217454525694,0.49608059601340265,0.14095665827908255,0.21275229913379373,-6.702477251040564,0.2502907732694069,404809,11,0,4
track_3063,110.11524558058949,0.7111628610201289,0.3670720826827366,0.6642983489511854,0.24312856440336852,0.11347018630702431,-17.149039751498144,0.6668815810778982,344371,11,1,4
track_3064,96.29802678188244,0.48397704353626214,0.9307637727529773,0.7946765679831158,0.1842297643904102,0.48263194396936143,-9.104447859254135,0.675761537861245,290800,6,0,4
track_3065,105.12398647964598,0.6905518058484647,0.2546085407653895,0.405855418478627,0.013599967224400386,0.13419629445990858,-22.006454733801405,0.7222284280386377,327398,2,1,4
track_3066,112.6947593533062,0.7845656001178396,0.5144286230278099,0.1863806805407468,0.12013219054610448,0.17863676160065423,-13.445905759306559,0.500998973917784,205929,6,0,4
track_3067,118.05761871513191,0.8460290513426639,0.4095046187215859,0.5898557417089397,0.22429756027174805,0.2156379952948906,-13.933479450086214,0.6646336607417858,389438,7,1,4
track_3068,167.3013397757707,0.5304583391524182,0.4853104808903317,0.2757053498594375,0.006091491238462964,0.4029355845911742,-24.055063221439042,0.36148363908547204,349993,11,0,4
track_3069,79.64038605067294,0.2543971116314655,0.16896307433991253,0.1636600053492361,0.18810734447742516,0.10322591124222907,-24.480322877384523,0.42644033000068027,181398,0,1,3
track_3070,130.77138174533206,0.9219158530903786,0.5377395800450406,0.33005272026029003,0.1155451595274229,0.022859748780803088,-6.730610062211191,0.531396335278335,220029,1,0,4
track_3071,111.23251792842372,0.5338439099022109,0.7611297252203748,0.417731679447995,0.029673774909969964,0.02,-14.162614743855174,0.5258849612765891,314746,11,0,5
track_3072,57.86706772288147,0.36952469766873325,0.2697660749036143,0.21578098848994332,0.16077139550944114,0.13500470090886624,-13.020939906058471,0.4059467899914693,304379,6,1,4
track_3073,128.1209634628429,0.2618119808592241,0.41208822924723165,0.3682750311075585,0.29027371151373266,0.21240868652781458,-15.725568208966598,0.20020297343208504,185659,0,1,3
track_3074,143.02870682411714,0.08801101739742519,0.5070423135267652,0.5270337151739726,0.12268555251540153,0.06601051168613621,-6.396766572202008,0.17139290800624923,304510,6,0,4
track_3075,79.28470788667711,0.6082777481361762,0.20401528384052495,0.7749261052686459,0.21995325439619132,0.02,-22.980284561531768,0.7273419234382451,341408,3,1,4
track_3076,104.73198396324088,0.3660827937556619,0.23149780514686655,0.32547537327011977,0.20695969998104763,0.0929548710961978,-8.919269992243022,0.3446005573419813,185802,8,1,4
track_3077,53.23937213976889,0.41415126777044714,0.27694550995118206,0.3676151997595541,0.0934458715339436,0.1746642894176588,-2.123744247994706,0.13401205269689892,386522,0,0,4
track_3078,67.2358062094699,0.4053851087849703,0.4948535502792001,0.5601490131581734,0.17345181792227995,0.17412640203844212,-18.812401757450036,0.06325300750518928,217729,4,1,4
track_3079,136.4408873285176,0.8177639512962529,0.19507443396938176,0.3387086371686537,0.32205687489723733,0.02,-19.797686707456993,0.3614721830716942,233249,3,0,4
track_3080,91.00750481977697,0.6981068027633248,0.8015738202855397,0.365862080735957,0.15728536795607787,0.45555048119335206,-11.669364269031327,0.34801904037602566,255019,9,0,4
track_3081,71.73591075185882,0.6048365998270635,0.6029980703138229,0.3256035617354349,0.6783570343252973,0.3721534618393834,-10.087729318773965,0.35212244979445234,227947,11,1,4
track_3082,111.8838109337529,0.7732331762463565,0.7347710272703958,0.3657853517764637,0.6043805694716919,0.07909793062060401,-21.686931390975403,0.46111167339764914,202064,6,0,4
track_3083,89.32762705706931,0.48108646791738735,0.7815419876602401,0.6488883723658189,0.7165302154421702,0.02,-16.13727231838296,0.8081192417118088,364651,4,0,4
track_3084,90.87535026673392,0.3494888416411236,0.3438130330152025,0.26247024396739727,0.10448647131117843,0.02,-4.882935499003345,0.6468899973853086,268832,11,0,4
track_3085,127.1797807702471,0.2680062306273069,0.7086841093245142,0.21696789393743562,0.0015861294131515765,0.0562371643802689,-2.509531860790865,0.40073755242609477,295243,5,0,4
track_3086,70.1479992319696,0.7181122993280622,0.5070336683508256,0.1834141293704063,0.6111926153575225,0.036083800854748084,-14.972459683074794,0.2253116048823461,386059,6,1,4
track_3087,77.83904361954504,0.5772801504667033,0.47672793018554543,0.05435461312026601,0.32498452852579884,0.02,-13.202945445650299,0.27081121752956405,367188,10,0,5
track_3088,109.62239976446605,0.3872624555392865,0.4950450564243252,0.7406159357780727,0.8519080782772864,0.11458539396532332,-12.076787779296888,0.4068956580069531,361596,0,0,4
track_3089,134.08229372244617,0.8294341456774433,0.6259105907733227,0.581713119412783,0.024084745853741804,0.12628735329264107,-30.694567308422954,0.33750725183010905,233600,0,0,4
track_3090,142.14480904469548,0.7417010576973325,0.8914391483327289,0.1348550132595318,0.022358209299509307,0.5086064496823682,-18.512793891882694,0.5938532497728807,203390,8,0,4
track_3091,85.04814838915131,0.6034946755784558,0.8359766860310465,0.1385707609016296,0.030938059488277648,0.14514245917571097,-14.296275925177218,0.6212246259304294,187232,10,1,3
track_3092,133.12130900758945,0.6270695187854187,0.1614778295767956,0.7568355733810658,0.10326330727970112,0.3180723381079786,0.0,0.3853977051170442,376173,4,0,4
track_3093,81.47573119588773,0.4372886690283019,0.5620005315378682,0.6439200131769871,0.11869693345868712,0.159913609261868,-11.450272031728868,0.7595089694667243,257144,11,1,4
track_3094,159.786280407204,0.6282669741534845,0.7314859551010847,0.3465073874723188,0.27642002724090226,0.16939339334133463,-5.24099820420761,0.284915136557504,152022,5,0,3
track_3095,70.98686923740814,0.4410134305394365,0.6386782368095316,0.5600947551831091,0.042772403830075696,0.09201348055756714,-15.134090471615472,0.2825064697844863,330430,5,0,4
track_3096,144.85436432375192,0.36431706021602644,0.2853370751796909,0.31908255551545406,0.050804248198107756,0.08543806694614106,-11.300031379148542,0.9137045768747224,314586,1,1,3
track_3097,85.30541679543828,0.11630766747593017,0.6969392602019507,0.28065234844245635,0.32099124293038933,0.05218261865533131,-19.761498356905598,0.7797732378536973,314810,2,0,4
track_3098,165.397393643838,0.8684593185248153,0.6745630969967642,0.5335211849275897,0.6132281698518717,0.21691844704604277,-22.882133652461533,0.4926192338119678,209747,6,1,3
track_3099,122.73962186557453,0.2736687289184242,0.7820251942442187,0.5034751069650231,0.34052242807381217,0.22691736471739532,-20.800512229489488,0.7903346530885328,185136,8,1,5
track_3100,74.51950411775334,0.5688668746313716,0.47123903073392104,0.30955884285837637,0.0029776381539074496,0.23595410541535086,-16.68716424156957,0.21018455490612703,413473,5,1,4
track_3101,89.3328456137248,0.18145815182556144,0.8982578475769176,0.28520398740772357,0.6099637054084368,0.23611322443648272,-14.623116685071874,0.4654461865349498,339279,9,1,4
track_3102,128.43543615671226,0.3419860970354458,0.4448561989967454,0.585567688165754,0.09337677436062738,0.031514446092455,-17.89320517888723,0.3431307834754117,247586,4,1,4
track_3103,136.57933252846684,0.47356065488889854,0.2782967875704312,0.5287015077083427,0.0807268003581642,0.021053232174971733,-28.214569311168283,0.3713675670807539,141328,4,1,4
track_3104,102.87853224826613,0.5971768303887096,0.9514317568682237,0.39790447747997637,0.13849804954636566,0.2876966081132091,-10.120045067621595,0.3570051801911625,192036,1,0,4
track_3105,106.33974842890399,0.5849450434446749,0.45771476905185016,0.10441456882379857,0.5230241553958679,0.11571099804895738,-19.4560688038514,0.7790382710448399,376502,9,1,4
track_3106,127.75059097932197,0.3729500507442667,0.06366968409308389,0.6978750156530318,0.14103081098450465,0.45066037382807006,-14.2970164845704,0.7252094757246463,349893,3,1,4
track_3107,108.9539528103246,0.8520357877646328,0.2628859785936872,0.188605908414966,0.34526845660837135,0.13164498979909167,-18.95486863408155,0.9818684110275169,191706,2,1,3
track_3108,66.19485421984874,0.6879161855763707,0.3394671556575245,0.04984328155049235,0.6017644166528041,0.11786708288241926,-8.53697810288308,0.8732574243801402,300028,6,0,4
track_3109,80.61077926079457,0.41715448340464906,0.5337761289239861,0.4461523902713581,0.40095199594646663,0.1657873098256868,-25.10507643034054,0.31533724605687913,136888,0,1,5
track_3110,112.05359829454996,0.4914296561476826,0.4314043890399861,0.3618718127574206,0.1539205008187635,0.02,-9.183656987535489,0.4226196676003026,159899,7,0,4
track_3111,141.46447249493082,0.311491474993664,0.7064538251161738,0.24445048128075886,0.40309060992288315,0.10214368377096208,-17.376660607680375,0.7350245143779426,400717,7,0,4
track_3112,153.47947272486144,0.3495045782520116,0.8392806249609173,0.5930019036448522,0.2575699904897185,0.1561797449515824,-16.708061306394164,0.8803474045581129,150641,8,1,4
track_3113,128.38588262314352,0.8748714917323483,0.8934757809505582,0.2193483755392371,0.6149802487874826,0.06540217691572146,-14.515217313922795,0.3984666814252005,362178,6,0,4
track_3114,113.6187228310909,0.6279480575770015,0.6497519220023549,0.3379084394539073,0.21595588439257202,0.09727490208572764,-15.19645164386579,0.7465787286074616,192058,1,1,4
track_3115,127.46441657947432,0.25603555790389765,0.3980872938187052,0.5627148546474641,0.36800241075515466,0.02699557198762,-6.407259692976612,0.4188930284760212,249165,0,1,4
track_3116,84.99747449379433,0.5757490558593629,0.5749481814376812,0.3136784368981709,0.14958267517092164,0.17654901877179055,-10.894440071477513,0.226003075317647,161766,2,1,3
track_3117,100.40307119225358,0.39863409934925115,0.49843635903073363,0.37828435521190323,0.036530114697443286,0.3528671648254339,-6.795888586843544,0.6621046689913619,335211,2,1,4
track_3118,80.2760783598157,0.8282014468867963,0.9158887578566905,0.6791401315959398,0.13542845373733595,0.140039946895031,-11.813876028608725,0.8128725655450558,195937,3,0,4
track_3119,67.53772167876866,0.7382339046070451,0.4965093036154834,0.6051044247597972,0.09382352619598872,0.02,-15.622939967289353,0.26957839987241594,335711,7,0,4
track_3120,115.00647034908614,0.3661668188124291,0.2207727435461461,0.08109994245075777,0.12733998286698653,0.17140566391952677,-15.523010562973695,0.3992680052905017,401529,1,0,4
track_3121,110.5653991975423,0.8419326618712311,0.4124432635077693,0.16694544833024746,0.39975850153036685,0.08842764135401143,-24.40697303720006,0.4798836959383017,306838,7,0,4
track_3122,125.6295745352704,0.7632699026342988,0.5784522646446049,0.11441824439210323,0.2064110645670743,0.2539576626628823,-3.424620275626518,0.5972771184642933,279431,6,1,4
track_3123,121.38335492677342,0.819104736508571,0.36665201364195815,0.3534415958233868,0.17345901536040986,0.19449741545570856,-15.612183343233642,0.8648438148204151,229053,8,0,4
track_3124,112.27932813971586,0.36412129474278876,0.36526164475936457,0.35627606933126355,0.3664221860950429,0.08751746601802879,-25.505578024417105,0.6129702311453753,311518,7,0,4
track_3125,121.69849997032662,0.5101454123842345,0.28705113066160026,0.27243582689721557,0.029543117579521713,0.02,-21.004180380195926,0.3801605316848303,216804,4,1,5
track_3126,103.7195071131757,0.7236260098798463,0.40023989954403727,0.7378245130527354,0.015003895544315637,0.33295157596852315,-24.27002350310721,0.8839121879753621,160926,11,0,4
track_3127,117.38674185667202,0.49086479763300217,0.4040616983560364,0.29928152254664125,0.1298448308983193,0.09339246912812936,-19.17738657439086,0.16377906361699537,367959,8,1,3
track_3128,83.21566791940921,0.6227265910617874,0.6547693910490455,0.6036418556622904,0.09409968696213712,0.2275114569656259,-11.51105116957368,0.3326478151966826,332793,10,1,4
track_3129,116.0911777691739,0.3795314162363652,0.3184260279023512,0.2720693605723434,0.551720743408052,0.14996143470311873,-27.233047633594147,0.411479767468011,221768,8,0,4
track_3130,125.05253055858029,0.6383659812724762,0.6423118286495159,0.6043995495429676,0.03337625739810284,0.09078504288906299,-6.9363007731541,0.19520258910026766,186502,0,0,4
track_3131,84.9095571578339,0.61337621264842,0.494294995310585,0.47832350026149084,0.033450773894896056,0.6465838653533567,-18.629940709975074,0.8591440639634587,418551,1,0,4
track_3132,106.55496296978541,0.45447249104381915,0.6850185682857823,0.2723139104400809,0.12877403603237553,0.15490164977130008,-16.151475069972264,0.7138015824396904,376932,9,0,4
track_3133,86.29192471111921,0.6799913033333008,0.8708802189501059,0.4097299867089272,0.5147350460481658,0.12074783576725684,-15.301725613737053,0.7582988382244377,376504,6,0,4
track_3134,89.20479910451655,0.26169945572586295,0.669410725798649,0.31727273542302903,0.3644801402932645,0.10768173975620568,-21.448687904090917,0.47499322901201585,197657,3,0,4
track_3135,71.25211934693536,0.4290888280614372,0.2953255563243492,0.18880362035411435,0.13494715910012775,0.1725218763495277,-10.558809499800182,0.8919654465365028,212702,2,1,3
track_3136,142.97324775499666,0.5552306770696432,0.543037319467346,0.4439682893346166,0.1962164635299036,0.5808005021742215,-23.310064683730094,0.737744341322964,158898,5,0,4
track_3137,136.97055524160143,0.8461287395184133,0.39438613381730614,0.48996206798947634,0.3111199190935893,0.02,-5.613668965023722,0.7119784757827599,246660,8,0,4
track_3138,121.12301562682012,0.7213533321889962,0.5702481599623563,0.21985235445863718,0.001600302040497594,0.15370933742895412,-21.22356404135535,0.7573151390460208,121016,6,0,4
track_3139,164.16587855831443,0.3916655066489977,0.21449523762037825,0.504581483590954,0.18136942320600397,0.026659222719011572,-15.084114181696636,0.30222739582016694,175893,7,1,3
track_3140,99.32262910294826,0.20525969518978385,0.25455925842914956,0.6863527887914015,0.201285915790695,0.0421966953885561,-18.97225576301422,0.3802911085028347,391695,6,0,4
track_3141,195.95287245331903,0.4567818657762316,0.8345943559186189,0.25837633200025173,0.30829673661246054,0.06775132401958592,-8.299059790058967,0.6309439048547858,287269,11,0,4
track_3142,98.17411753910339,0.4095710851863765,0.39268745932466476,0.2545020456041425,0.11336085091308906,0.02,-21.67588686084255,0.39122329453331106,322351,11,1,4
track_3143,112.65580055268049,0.40402900522174573,0.20285043536751418,0.8225411386904773,0.44884870070717353,0.19750855555492405,-6.43502238853569,0.45537070558844456,197380,2,1,4
track_3144,93.06666258179375,0.36319643709492405,0.7924456981342957,0.5640774956345237,0.5285289456063196,0.12307107980714428,-1.9618248271488312,0.646849027075811,408275,5,1,4
track_3145,116.16976680180915,0.8774140864699771,0.44958923409286383,0.4552405193389597,0.3393404741634174,0.12740810893713697,-23.186769182972366,0.7553205776081734,334929,5,1,4
track_3146,130.06844783658732,0.8155079626263979,0.3943267878104318,0.2381310581272816,0.20879475453689111,0.02464606379288339,-26.19645239786341,0.2720799832918752,199942,8,1,4
track_3147,101.58250820840749,0.8002913144703773,0.3485787647641095,0.2827287265052532,0.2900091122605304,0.5714879701076767,-16.483216697100218,0.26772051970883975,317594,1,1,4
track_3148,158.30159541352862,0.03656603256417137,0.7112576855750745,0.39853528021857915,0.1504610993577537,0.16842432770803267,-13.964068123564534,0.49235374902314105,399833,6,0,4
track_3149,112.17447853900381,0.5420789781717565,0.2982276255895553,0.7637543233301598,0.07239523337782908,0.16101121229738574,-16.182987514343502,0.6253970168485024,192922,3,1,5
track_3150,113.11456158330597,0.5897992967924727,0.3053127203546141,0.21726114599784124,0.6275340593697275,0.5048839945942892,-16.510723703976137,0.5687061834983894,334244,8,0,4
track_3151,77.73006916458847,0.5976206378260442,0.15134895535913462,0.5497911452025483,0.22500090997532693,0.26349493350829045,-10.691774431070044,0.7375647330749253,222891,8,0,4
track_3152,117.55497223651153,0.7444277083304301,0.6480354834118388,0.35643726748932375,0.01260666311757005,0.0616232859649132,-12.679226064469383,0.985073156079409,250330,11,0,4
track_3153,100.97918337571903,0.12819663301977333,0.5401736668954076,0.8960999876007265,0.15004502851560284,0.20435114256619905,-24.39672119613781,0.4383542124408906,412478,2,1,4
track_3154,86.7528081198814,0.7743115950108799,0.47034561473113345,0.24599283346924145,0.07549699007315147,0.02,-19.167470269217826,0.4664899276864572,147499,1,1,4
track_3155,81.70576775554909,0.2572662121740298,0.510699163052139,0.3809461236100078,0.7391157366472662,0.02,-6.815814784638704,0.6889905853933795,329125,9,0,4
track_3156,185.15290139270056,0.7592793247086331,0.468644941434453,0.4379836421447538,0.5337360258186815,0.05340130655829178,-13.81217006235852,0.4879963936411546,327705,6,1,4
track_3157,97.09568249462893,0.6174760743927041,0.3160259420470804,0.31783549277302486,0.1664472019376004,0.3648994247522232,-15.002107910684249,0.8017619415988755,261209,5,1,4
track_3158,61.29043737656197,0.6507245878593061,0.4972280678212658,0.7100749040917894,0.36682903536048844,0.03128518920154813,-22.354227621499454,0.6979573418162461,260791,10,1,4
track_3159,84.05335620802282,0.7459851809849144,0.4462308476077633,0.03967561333839629,0.4766688303785528,0.22062986846833263,-10.254400664410444,0.6655101510050374,248586,4,1,4
track_3160,103.45296481571359,0.37323870420782257,0.2205019678248283,0.117925144415961,0.03225119625776778,0.024005463547688483,-14.750924984917454,0.2685557589692081,326567,7,0,4
track_3161,121.40001097849455,0.5325637349466419,0.890876617193203,0.3535348567441076,0.14485570963881983,0.02,-14.75694495441351,0.8628904326244128,350550,9,0,4
track_3162,121.64389565175941,0.2711895788350516,0.5802545643367278,0.1060943564332904,0.009238945277934157,0.02,-8.777821535939642,0.31755279122821317,346230,1,1,3
track_3163,125.29843655329576,0.4743889861034813,0.7786959585754513,0.5221913746638213,0.33587464346815193,0.12048088021891776,-20.963770296719254,0.19114029074322322,374299,9,0,5
track_3164,85.65419080088012,0.3237398528889599,0.5989858363656279,0.32510444022973506,0.17586048049778005,0.10202424331618276,-7.600928980601022,0.24081321126720612,171570,8,0,4
track_3165,115.21321330504637,0.3008033667314039,0.23198117554832587,0.5545491359720363,0.15207271388787022,0.16205445671011473,-12.825112496403019,0.7613933078618702,335471,1,1,5
track_3166,78.71821607668265,0.5863376655137258,0.2705226555966659,0.28277608673287424,0.005472551827135301,0.039508983470296244,-7.693527013212252,0.31576527384267494,255002,9,1,4
track_3167,86.41071050957964,0.6109091802020967,0.062356240181727474,0.4033786734813562,0.27001240660290077,0.02,-16.342953536288988,0.31868648427457935,335395,11,1,4
track_3168,77.46873076499222,0.5194707445438459,0.3722231432207669,0.12290939412400848,0.16249645997679357,0.02,-6.9387889872509625,0.720047679428713,206547,4,1,4
track_3169,69.34833436205192,0.1865720081002285,0.663275495073351,0.17726541739586435,0.10358212289135652,0.38217886244949195,-31.577820983362837,0.5458509422188634,143540,9,1,4
track_3170,136.92628466574027,0.5825122140744345,0.889106057347893,0.24474732913609817,0.28433559094712624,0.02,-22.899705910371928,0.7368370424248191,201540,0,0,4
track_3171,125.65835102936663,0.10165955958921914,0.26321685136493933,0.7666274747743078,0.18583211179119627,0.32599025907993373,-20.179173242330137,0.08329180141810393,378636,4,0,4
track_3172,134.2999610993439,0.8442527400776456,0.2873547156893272,0.07502174213662252,0.29398164053168685,0.05668935008745166,-19.182592958277016,0.5075940806315863,211058,3,1,4
track_3173,106.1793919807289,0.43763063209097836,0.3869613939918465,0.23414923458975254,0.0005721087437829801,0.17055398476671454,-8.037052519584634,0.652385880994967,319827,0,1,4
track_3174,128.3042309659544,0.15781180463208505,0.7973461031284399,0.6546512910018049,0.43446431074668,0.22758200864341033,-26.311223242853867,0.718488974993898,412657,4,1,4
track_3175,52.161317860723656,0.08344597516716368,0.5083990854413757,0.3753784245107147,0.027666941016334445,0.0734136787086712,-9.274534187664205,0.9313476979407553,251577,2,1,4
track_3176,130.89262554136064,0.09182100007842113,0.25546670483682127,0.6390079125905853,0.0020597131287665577,0.050185345974076465,-14.745526393389714,0.8021612650693589,201400,10,1,4
track_3177,110.3135949001509,0.6964691041364426,0.20655809918267828,0.6813129096290325,0.28993240911998136,0.519661115174558,-21.401017331599743,0.499276305528976,249557,1,1,4
track_3178,123.81328800447497,0.11152135130767331,0.16346182253643035,0.03793223771808471,0.22088927736382247,0.1394105534339292,-4.113071638543149,0.5896203395611325,414880,7,0,4
track_3179,116.4006989714584,0.28476576463731207,0.2206092053436114,0.5170494489086781,0.18919929480341427,0.20266936726941842,-22.750218476041557,0.7273852066541371,285082,0,1,4
track_3180,75.3883453638934,0.8278274733049724,0.08381954089897448,0.6434821337237593,0.039989649108422023,0.48528137403513594,-9.237963468737279,0.6227974590364719,294331,3,0,4
track_3181,60.0588067382686,0.48962150843957153,0.5223582565138598,0.22016112674412167,0.1451345286349947,0.02,-6.735372467189344,0.3043763022058021,155296,4,0,4
track_3182,83.6383750145111,0.6138699338523123,0.5727466964069021,0.6896348583367672,0.07471702643642257,0.06120115004910325,-25.864399025516455,0.3055928483400543,354773,9,1,4
track_3183,121.94751843818736,0.15134089573171816,0.5315816608694698,0.3117037484848609,0.015034638281622726,0.2624743871687199,-20.89519458822435,0.4681405378349178,134827,1,1,4
track_3184,125.70274245526187,0.44757236849924686,0.7673980151862606,0.35306341144264713,0.10146488450879958,0.02,-6.5278445679093,0.6208902961187766,172319,6,0,4
track_3185,63.96173167854412,0.2861924457530926,0.7321741179590354,0.5803678770040471,0.694232685287346,0.14142967086533137,-13.58444892643281,0.9420667127732865,148623,6,1,4
track_3186,75.56701897595356,0.2347393116856142,0.8509208821393154,0.17155893457985247,0.6134597892877349,0.2636934293988393,-10.616703665854093,0.901947323274104,341694,5,0,4
track_3187,83.30292942177482,0.6933681918998877,0.17144332607008456,0.627177937890532,0.35913805087985434,0.04757843999171652,-14.168232576386693,0.777128307189863,188355,8,0,4
track_3188,94.28084819199553,0.26680672720484955,0.018249080621982095,0.14763459176644986,0.10555232432316443,0.02,-9.92837025446939,0.7100609829087735,343060,8,1,4
track_3189,64.13847507442043,0.19025696026413247,0.45098585425093574,0.6480237272852996,0.19625496387691294,0.22521110148430384,-21.84348327008201,0.11618516552035947,246172,3,0,4
track_3190,62.33844701579602,0.06394432576216902,0.44512810836256644,0.6215185722069204,0.7502565908624885,0.13140495939148744,-10.124045468148656,0.516536354157421,225072,5,0,3
track_3191,80.34494110777338,0.5964641643334446,0.07318674725168539,0.15479227539924098,0.12919704132413123,0.0681765271375262,-15.578574598707196,0.05232671913546851,267832,2,0,4
track_3192,107.58761508675018,0.7350719804253015,0.27061532523872994,0.26326809294963643,0.046263300871608105,0.03572406234839025,-15.841912953685242,0.4786864656511761,349645,5,0,4
track_3193,69.58216980739527,0.5826892158883777,0.9199995314862761,0.36286090240373614,0.169632447315883,0.10546351339263109,-22.738733058872725,0.3178230173176341,413679,6,0,4
track_3194,101.52589470084702,0.8338835208134953,0.7959893278881743,0.6753444734563756,0.04264231359589385,0.3811861051900427,-23.896133426437288,0.08429005325686696,180818,0,1,3
track_3195,136.75658448425446,0.836613629501748,0.3637103690244452,0.7790301047913702,0.20766295055286163,0.23816093469272617,-15.426301385154614,0.9328251315004392,242931,11,1,4
track_3196,65.9466078775947,0.8280244100358604,0.8345736747712967,0.11336313186152147,0.04830719847719456,0.053344309394381846,-7.2062200417500275,0.7555110199259344,402930,4,1,5
track_3197,98.80662724768382,0.632364600400111,0.435890036389609,0.4451139290028674,0.13480874289058634,0.11386952815247763,-13.371628560171715,0.4029269059641617,408343,8,0,5
track_3198,135.74270201252318,0.4628419648698532,0.7110376626341042,0.6425953218647238,0.7879542734709356,0.5094491702119099,-20.417388021825893,0.6585295707998544,341622,10,1,4
track_3199,92.45194828908572,0.32631871768344156,0.7696395202902983,0.15519003899672076,0.12457253976437574,0.04092834192069069,-15.624029324982095,0.6275248291644174,240846,5,0,4
track_3200,87.78990927424744,0.855702886270598,0.16227532083021456,0.5720137109773775,0.06002182432013928,0.6398397803382421,-16.23473531449021,0.33705678375099424,172471,1,0,4
track_3201,139.90487442919422,0.5877383804525599,0.8334779313893484,0.6412904658844961,0.5710564564242828,0.059561825117069235,-19.51547536949776,0.5807527750340841,377920,2,1,4
track_3202,95.81393763085356,0.5432394813955552,0.45525776258596595,0.2043536542979553,0.004129438798380918,0.5395510849689659,-12.06255100486085,0.31832956305742544,214838,5,0,4
track_3203,138.13485075616703,0.5325428263880697,0.3901925057109197,0.6607234361008734,0.17659071759693606,0.0548846394158041,-20.374231250492755,0.17056614946709026,409056,4,1,4
track_3204,117.86896173381596,0.6809255417256558,0.7501530781942641,0.10409560901882994,0.4667839916309222,0.27488198654557666,-18.66846697108833,0.3394036298881977,408719,2,1,4
track_3205,94.7146604127049,0.5506466373356593,0.6715793642280924,0.4399406836684528,0.2909738190760511,0.15299665735475076,-21.12563091473664,0.7122034513516019,307009,1,0,4
track_3206,119.39071591792592,0.8695390002845952,0.4765797356596864,0.4374903054595627,0.2896096833057359,0.021478135808839664,-19.104904704307675,0.5185776547000703,357591,11,1,4
track_3207,114.61348541538113,0.39733691921585573,0.7301792778784244,0.3554802700674307,0.3813655601414449,0.10006341284163196,-5.343948000564652,0.6765263440261339,159635,7,0,4
track_3208,135.62648463007423,0.37547759760360433,0.30300887391467823,0.4213987909375403,0.08702545521854381,0.1805446168157307,-18.783156922947782,0.6748573483683028,157362,5,0,4
track_3209,88.54963386404944,0.3906271762211153,0.6625931268259102,0.09769035024798849,0.11914257375945705,0.028029548827631572,-17.421273849894188,0.12293551746285682,283815,2,0,4
track_3210,106.23618200344859,0.5275575594850944,0.253616508851914,0.6873503153032553,0.25536495629563505,0.20183406844408627,-9.741245726372853,0.3139122915098456,137955,8,0,4
track_3211,103.15452961186088,0.5846053372053942,0.5592963126493813,0.3636392677206176,0.2671626547000085,0.1760430033840965,-8.295165771149769,0.5455235646076775,265526,1,0,5
track_3212,126.12444424919354,0.4886690676981027,0.4478002977061211,0.39966927199756,0.6847889288150706,0.15426885039172036,-17.563924372729794,0.848513522471232,367436,11,1,4
track_3213,74.24462416667473,0.31507150514768606,0.6554532880660843,0.38938115725709066,0.5489302700234366,0.02,-6.991895831294697,0.4508194517179257,384726,9,1,4
track_3214,135.50931144713567,0.6766507595365545,0.4370810851002545,0.15848640752525348,0.5105607333179369,0.6514069325723624,-20.418616800098818,0.7612979413642069,190928,9,1,4
track_3215,118.9898631651125,0.4034625788388783,0.19081285542900112,0.6718581115061281,0.1813124312945923,0.3368370972580321,-10.436049750824278,0.4843317582513177,127765,4,0,4
track_3216,65.49224779101161,0.7675882152250967,0.5020734874173663,0.15816849187060655,0.19178397346868295,0.02,-14.955364005733134,0.7884739564181635,219560,7,0,4
track_3217,141.247884764415,0.05158524285712927,0.37152151862962995,0.40291634057138226,0.4455264912163217,0.40843002723128463,-11.912103986893916,0.8748894341853926,409843,9,0,4
track_3218,172.02279242393195,0.38272155097424365,0.5005969537517779,0.3418431010470145,0.07798645085792794,0.024098896722941306,-10.880325557686593,0.2664619131782917,228915,9,0,4
track_3219,135.05501908648225,0.7781202505714168,0.22738721736527373,0.5237203829853239,0.1872144833915831,0.03189140488424806,-14.90359828674561,0.44578300735515186,360167,3,1,4
track_3220,147.80954301679407,0.3699542131859512,0.33551296420753796,0.40539882582767456,0.6757706974314757,0.09111433613846759,-11.35525735336272,0.4308774278404382,204671,2,1,4
track_3221,107.56114144807765,0.32574049048064846,0.6408452445280497,0.22431729190580876,0.06070609982298819,0.07725636668906583,-9.79187500519857,0.22274767177074783,352171,6,1,4
track_3222,55.1548524078447,0.2955244316405847,0.606213445451111,0.11050602808597816,0.5844923711309978,0.02,-24.213572197219573,0.7545423203368349,120315,0,0,4
track_3223,49.67638646497426,0.7017408878911349,0.17073031068828504,0.04080835821271495,0.3377806789701324,0.07255528110313732,-19.74116421042615,0.5535293335857424,340004,0,0,4
track_3224,112.65246131603276,0.14041282669608435,0.5803541788415819,0.09069387335245778,0.39796046324059,0.26865167420973274,-9.001805614243374,0.8249011591683735,325930,5,1,4
track_3225,87.2406357681006,0.3013819621313479,0.4227434283498584,0.5311096788106285,0.0632581643407271,0.02,-26.008852068053248,0.8213803452217796,224832,6,1,4
track_3226,77.56271165017947,0.8288047963175101,0.073763372473794,0.6492583167955708,0.43762509395316784,0.1035414816679952,-21.271917628073744,0.4314118593787364,356199,0,0,4
track_3227,103.11759948093975,0.20686024416443477,0.6069978353994998,0.1476983439236237,0.6889493090610186,0.22315520154770735,-5.210247995545728,0.7370254510395865,145121,7,0,4
track_3228,123.46755863583864,0.8351905768914851,0.09168562299740807,0.13706323213181332,0.48236313156988503,0.0448787730193224,-16.698333396582868,0.7908622144914818,390153,10,0,4
track_3229,61.41727359713558,0.8809421179153987,0.46322734040954816,0.4532340338915451,0.5192288699403883,0.18470726398519863,-13.262950047754162,0.11603049767768271,418716,10,0,4
track_3230,91.53367139158846,0.7359476016904627,0.3066885832201884,0.49154154181719417,0.02570064271239921,0.10944318657485456,-12.00148594611899,0.4990313622153569,263710,2,0,4
track_3231,150.29612049360946,0.4401539375818785,0.3655754043345202,0.41705292970491115,0.3232005683431585,0.26057485396526003,-11.727921293231818,0.4080753799998503,355848,11,0,4
track_3232,72.74134859335877,0.4033714904381889,0.9381970035448196,0.45712789133356385,0.02581651226891609,0.02,-17.503486471099848,0.5173533600849921,320934,11,0,3
track_3233,131.09283561494868,0.7892996513368199,0.38917427823274764,0.3940500130861948,0.05323568256857052,0.20632005303710235,-16.55408591512326,0.49794675108934083,233531,5,0,4
track_3234,90.45807715353018,0.49691642178486206,0.48484898729437664,0.5730182099077163,0.17101746828385053,0.19383444153432386,-1.5297152627431139,0.6150404519225234,174520,0,0,4
track_3235,121.37381279549858,0.5766038376610318,0.3377397649698261,0.5689966359363369,0.07728717539464383,0.16442246071052277,-22.373851456151606,0.4870060462831248,332847,0,0,4
track_3236,137.91982521608602,0.12493244502541644,0.6190002346472622,0.8360495970393225,0.019306455463925152,0.17006581112273117,-18.58345210233456,0.6253851202785586,241217,3,0,4
track_3237,127.23845300955065,0.8982853960541481,0.45330496684414706,0.2396109918503505,0.1722785560367301,0.41001020967723845,-21.402411098799913,0.434556451790012,150307,7,0,4
track_3238,132.2747880664163,0.45300574905313495,0.979835565877912,0.1020630824772607,0.433821462148192,0.38060469259851354,-15.62014307463267,0.43363705115349827,338668,2,0,4
track_3239,70.45219399776131,0.3306337173876227,0.46666274296854354,0.04596720001844067,0.21361699927716649,0.1690654616349229,-19.987320123163624,0.11872125743933666,268343,8,0,4
track_3240,138.40979120223898,0.5679793182501259,0.43172209508142934,0.34295476530435515,0.5834394804598269,0.16905226696136683,-6.8228388596506395,0.26766172793626564,379881,7,1,4
track_3241,79.4192065609554,0.9296808417836009,0.9609034480817824,0.1261295156090883,0.06181229700262767,0.195885896571509,-4.913510858839517,0.4946766879609488,303581,2,1,4
track_3242,112.78625296714615,0.4498669143214079,0.22951919835040116,0.33743179557709696,0.035037431365186646,0.33302918996665104,-14.662879150574758,0.6543423229239884,288465,7,1,4
track_3243,112.7473856099168,0.7036516923074202,0.5202916030683373,0.23059343071187902,0.5568951587612224,0.11970107485337789,-20.56163406445571,0.46420113849306077,387434,2,1,4
track_3244,119.55367676608742,0.1457017864722096,0.13300406156361133,0.7920714609575233,0.033863296637613415,0.06290075328424673,-3.5051218602788055,0.6476425820776396,153526,10,1,4
track_3245,115.10870028180571,0.11405555272323913,0.6928906504961481,0.8401456298512926,0.44458211863173824,0.2438619772036377,-19.00788227515982,0.7996082798084522,131587,9,1,4
track_3246,79.6857006442583,0.700358087122377,0.4730599798018301,0.41437958686327225,0.005343650690014501,0.1410551023865619,-13.130471272624145,0.06291972783782056,189581,6,1,4
track_3247,64.50397763112852,0.32735869664836664,0.6582710560708417,0.41624744561998817,0.22810499862374733,0.3616553070668387,-12.251526655834963,0.3063072260943891,137307,5,1,3
track_3248,131.17046039885307,0.44069635639953614,0.5303792933745132,0.10150695007559492,0.21492592738453395,0.04403401553746141,-20.355085664969415,0.3768276629504304,128947,0,0,4
track_3249,110.57503732556746,0.8572600068893046,0.6036143984887106,0.32715490476814424,0.03565712971650559,0.07555427296556354,-16.98833350919462,0.6266181605815687,289248,3,0,4
track_3250,139.48130522873453,0.3460386613146243,0.5185946112657253,0.793120134716387,0.29692391562060433,0.09556201967118881,-3.349837136082167,0.06836382674989162,218809,11,0,4
track_3251,103.65801197436396,0.6408812847531855,0.12581416708309304,0.5000679460509594,0.18392670650544973,0.3916961254568316,-12.825044026548436,0.7195174069730423,347886,10,1,4
track_3252,62.84506917969119,0.33395528576607897,0.2074546465617076,0.5129396671017767,0.5325697919583978,0.24222881176531194,-11.514871736122739,0.5430677179267223,121970,8,0,3
track_3253,133.98389043012318,0.47156829450896004,0.7033517066264149,0.39976748240544585,0.3355762826959043,0.3273291355768319,-9.578445455486474,0.8072355539813291,194256,1,1,4
track_3254,93.88888171016679,0.10934501331691954,0.3385724799057618,0.3863350542494265,0.15051654642308765,0.10498773784530464,-11.897784017229938,0.8045555362600475,158502,9,1,4
track_3255,115.26010372263063,0.7320262437574248,0.8343543731590963,0.9556231484641711,0.3519221088996757,0.04408711200870944,-8.411708980708847,0.8132124676607138,242971,0,0,4
track_3256,85.57621714561442,0.7294248634700844,0.5623425409876659,0.6227964577034619,0.0852122138328741,0.421317534725301,-11.205370116127561,0.15058729999468662,245117,6,0,4
track_3257,154.32905130701073,0.724353698852547,0.4773497868985131,0.7639509158901487,0.5519950752650327,0.05626639950566822,-15.257919287867084,0.3085578567123673,236287,2,0,4
track_3258,78.7030552745041,0.11334451584104736,0.6949677716398822,0.4000290621289329,0.19757851794835896,0.056647029674920066,0.0,0.6430348020597282,261994,10,1,4
track_3259,94.87710737681476,0.674210002337449,0.7014179498176126,0.5229584014159462,0.07357404101456627,0.029783768100657367,-17.97787484557728,0.6584519722204947,336043,9,0,4
track_3260,108.22346108091949,0.6490925477199495,0.47819311213456245,0.22382401690001197,0.1091621525593474,0.07509363822172746,-16.737384390339926,0.18803350583505063,149906,6,1,4
track_3261,72.23453018739126,0.2040325121570662,0.5173247233548075,0.5212293649128156,0.8756017598465712,0.04192638712477476,-6.095633103199191,0.5801676107045758,261431,7,0,4
track_3262,114.91558585762786,0.5832232680343661,0.15893528036484597,0.26039850117267127,0.40298252587803945,0.33339657825813707,-9.668124137981067,0.4987313056129014,367071,4,0,4
track_3263,153.3573143240247,0.6942116859489804,0.6564067407188848,0.766208369865621,0.08273838597835713,0.16360096732338178,-16.84400654342503,0.9092298567410201,152409,0,1,4
track_3264,90.28613517918869,0.03759440269342757,0.6960508494941011,0.6615342818201755,0.30730011477244373,0.04727251825035255,-17.296200846930688,0.8997620637677123,414943,4,0,4
track_3265,116.85428457095176,0.4494151083649268,0.6047390747722227,0.3105096487573847,0.009826463594089126,0.06005834831383702,-14.368964843991868,0.46632265121793476,397052,1,1,3
track_3266,40.0,0.4951106460573816,0.7212259447107999,0.2586197882691974,0.06621324053762946,0.17770955259336169,-12.466671710357684,0.6618120446315148,321959,11,1,3
track_3267,103.83212398545479,0.2304966925370518,0.7560617560111254,0.3631185019648317,0.3408039216227778,0.27704310999291515,-14.326853691707944,0.3256319809210437,354599,1,0,3
track_3268,95.60873142221384,0.10636636071172095,0.6778672606487401,0.48285199137615425,0.27641130799940355,0.19256385857149821,-17.4429905053268,0.22655315114282512,397732,4,0,3
track_3269,80.44507192768845,0.6261534865681896,0.4982260791063733,0.06093809254145258,0.002131805228040913,0.292665313536211,-10.255531988155775,0.17912488997374332,179064,3,1,3
track_3270,137.44351408885598,0.15977699748451016,0.5784339614670501,0.1586186305644403,0.02721862474526841,0.08088295842951725,-13.92812230084475,0.3758223491142117,280147,2,0,4
track_3271,95.21268955128515,0.5374819876237777,0.42102261599867763,0.48913465949269413,0.27113545717139514,0.352272877084412,-9.014247443773835,0.7072692573613982,137982,2,0,4
track_3272,99.67567538719237,0.9069227585856957,0.3468999681761598,0.341436111481324,0.4723611644727231,0.02,-13.396084441737864,0.5700572863270348,127259,1,1,4
track_3273,93.68421375632786,0.109816825083113,0.5703320192335674,0.7838952376812601,0.19709252831542615,0.47567882808504125,-23.3583822502202,0.5757642242356488,308076,8,1,4
track_3274,47.49552384704771,0.6627391045854788,0.8481930738262725,0.7203599030644934,0.2634786425941916,0.5083568409217781,-11.321832481767839,0.04358356541431668,124377,10,0,4
track_3275,71.04040679769116,0.4414857736079049,0.6156973676654616,0.3676690993432943,0.003258979950040419,0.1592804992517155,-8.38424887222624,0.5114999052158212,396510,10,1,4
track_3276,133.8328045836065,0.3070297134801617,0.3023962642515328,0.3801958222857282,0.06872290841180662,0.40667315378752283,-11.85339327228853,0.6062027006309219,246194,4,1,4
track_3277,41.70148059360085,0.6147945462963397,0.33814237023885124,0.35786887129141476,0.36286580570266214,0.31308205831468616,-23.71987492581361,0.4419722872751583,124379,10,1,4
track_3278,82.01053951152883,0.31056739181978205,0.5277359812139369,0.0626502707114866,0.28522300566092895,0.03999264483730166,-12.466180865481267,0.6478526604478264,399146,0,0,4
track_3279,93.00839831130709,0.6946026790582884,0.40274483510466075,0.16518086543917151,0.025798479190800114,0.37556597650683227,-16.998320882621503,0.47184894423169155,319858,5,1,4
track_3280,157.30865601874694,0.7634654724030125,0.6886560454370347,0.19314747352649209,0.2730475871986124,0.17584725981959118,-13.811759323356203,0.5856694333750179,361353,11,1,4
track_3281,128.05811296489108,0.8386857805842984,0.0372634045776683,0.5945702493707583,0.14491670901216636,0.06284115916433325,-11.188684702182709,0.9144236332132597,343417,1,1,4
track_3282,88.284884188407,0.6870394221971428,0.2727885427421852,0.24903748275145335,0.05232058460353978,0.5803425159478878,-15.61637326301584,0.8355946971053073,341922,10,1,4
track_3283,144.13541091346653,0.6150364305837098,0.21121264951212607,0.22531719279751042,0.10720186422597888,0.1503052923612328,-10.356257263105409,0.4288345438018524,158575,0,1,4
track_3284,82.78452538496641,0.43572973774495194,0.41477046371912857,0.25385049018934674,0.13042711765774548,0.11138392292076017,-11.260085712417165,0.6318636852402844,352033,7,1,4
track_3285,135.27299411202017,0.3643626120322159,0.6974055090895941,0.10664375082665209,0.45467658074589534,0.14887415733863466,-12.015363244667205,0.6519712659957321,293954,4,0,4
track_3286,64.23368262230953,0.3267628556330865,0.4017807571684685,0.3036826187846691,0.19653250738296243,0.07344410739682765,-16.28818171238828,0.44517926292177146,241989,10,0,4
track_3287,137.1977349536747,0.39186230312305936,0.25397293864625453,0.619399065359943,0.10252962951650314,0.19081718425056554,-8.148625138469423,0.23145347739036315,130328,5,1,4
track_3288,92.81599063587043,0.5773044238972509,0.756708056716887,0.14975376430042503,0.0439047373724918,0.1922389592200545,-5.2944642339831205,0.28043979343681075,346823,7,0,4
track_3289,74.14487277176191,0.2012545469269072,0.44604622048944936,0.3031636011096268,0.3926578126562802,0.4696952664414134,-14.184447304009765,0.6610690116097729,193588,1,1,4
track_3290,98.48569160771058,0.5335085669520447,0.576262171071929,0.22948993078229288,0.3070223050501333,0.02621432008323748,-16.972668602988886,0.0404645528869591,200739,0,0,4
track_3291,113.32032539160645,0.4860528163462251,0.24330360050761984,0.5193473131918817,0.3334168708222023,0.10336046819110174,-16.49395860711982,0.5056997893432127,138710,0,0,5
track_3292,90.15754708422864,0.23355610953078917,0.2651499176656782,0.5626553752652865,0.2679053605338261,0.16608742378244937,-9.299539914639347,0.558281061868894,213455,2,0,4
track_3293,121.61860517985971,0.35096140432287765,0.8980983634156452,0.5976328321292972,0.05858728125153503,0.38928531656072973,-13.445907585761182,0.4772511704468282,225031,1,0,4
track_3294,87.51018349007798,0.32278547688408643,0.7499196788699793,0.6798743922239792,0.3899839127149332,0.05463246801669856,-15.469252816766618,0.43452223304662574,129420,8,1,4
track_3295,123.61117181794074,0.5211220431496548,0.7494670711685991,0.6063497150322962,0.19344234784719738,0.02,-18.470242905210515,0.5190830261509358,300788,8,1,4
track_3296,118.26666186109799,0.7228889407885071,0.053140301720870434,0.45073889575139686,0.40517052074886994,0.03199270533890148,-11.682118290469631,0.0852759454795612,307315,8,0,4
track_3297,103.17230835876195,0.5298466812749681,0.30521177591357457,0.5215307945476187,0.6736805480268269,0.1403351659655062,-10.349909868435498,0.46829666178992646,141125,2,1,4
track_3298,91.75853062902151,0.5152624851620622,0.40456721105631244,0.39469713430064784,0.10499786236020044,0.0427107219624706,-14.471762135646818,0.49318032758339925,159563,1,1,4
track_3299,109.54622387295798,0.5687027703899958,0.6677359717741037,0.7325773421795669,0.12357003780442023,0.26631871878933094,-12.386528128628779,0.3190815659719055,374150,9,0,4
track_3300,121.50761229101097,0.13666358224403014,0.5777319803585758,0.6309738620175425,0.17748374946076556,0.03132656747053457,-11.047511170255113,0.149492020130879,234898,2,1,4
track_3301,166.85397458194825,0.6906587775985389,0.05696120481910593,0.15990382536245848,0.06310561386334256,0.6045226820357995,-8.502996132777604,0.3305475014117644,140492,11,0,4
track_3302,133.18261265394543,0.1922558495115017,0.6363804303931623,0.3063887299498555,0.11932295309734944,0.1294417837534723,-19.293269794416787,0.924955252501258,207204,2,1,4
track_3303,134.27969849447524,0.1158136486616959,0.45139445188634886,0.06410749007722445,0.04403771740878287,0.40819831376508875,-18.31697863532061,0.6995813617080504,335392,3,0,4
track_3304,197.6553658458085,0.48652900323368303,0.5412669182208821,0.4577838559295132,0.28823855312875707,0.053090900898201274,-16.448628356528474,0.41300794892563497,278300,8,0,4
track_3305,120.47875430303532,0.8510183708170603,0.3432212025432883,0.6178175334921963,0.12275154504957578,0.26982198345871283,-13.860934685394563,0.5371125711275851,295393,7,0,4
track_3306,119.53930533935107,0.41168883152231095,0.9868947520565462,0.15464030305305015,0.32447866451754925,0.025602269494651875,-16.82115266528168,0.6058091195620046,351954,7,0,4
track_3307,126.12045222964963,0.4124029374968071,0.7534496909195232,0.379922012321113,0.049023909887451915,0.7531108522980402,-15.724898279179797,0.8283769319597257,196526,3,0,4
track_3308,74.7310206723524,0.6732110044953293,0.5124459523879369,0.6539797124860823,0.23845275579107963,0.19223239096969286,-9.722031086521106,0.9372828948783261,365466,5,1,4
track_3309,91.68295090743732,0.40780356270672324,0.576032823969263,0.7852302139013272,0.042334174360665076,0.1765695972939309,-22.723741051485874,0.7977632695152024,242253,8,1,4
track_3310,89.81492199922998,0.29376176653011826,0.5544284790588998,0.35936220267982816,0.35603127173798776,0.278310662352406,-18.787306406630872,0.38868680961205015,377305,6,0,4
track_3311,124.42841931658685,0.2194053451574263,0.3739668893246441,0.11767678445003167,0.4983813308962918,0.09831071924262506,-18.143878837468606,0.15523095288786093,292539,2,1,3
track_3312,99.77476313336405,0.6090116343557144,0.426034525975493,0.11366755298450491,0.4163677692008132,0.46140864191196407,-6.547628442661544,0.3155077929534369,382766,2,0,4
track_3313,109.14670276422909,0.8006688663448503,0.7386957091428376,0.4211645812656108,0.19515226617140927,0.02939631576638421,-13.581000488546584,0.7189377553391716,332231,4,0,4
track_3314,137.62363860445393,0.9271579166740854,0.5709232655159512,0.34533931735040896,0.25698238572513415,0.12450168564758947,-12.692285453712966,0.13866162954703032,139103,3,1,4
track_3315,130.89452216112417,0.7106107576424217,0.5306683129470183,0.42053608176948926,0.3320435842887116,0.4536641921113049,-19.06825485716699,0.4389446386636611,150547,10,0,4
track_3316,100.14836990876259,0.24119272085708354,0.962034468920822,0.4911780313698529,0.2740470714406767,0.2981095822172613,-17.002107488938513,0.5331582445414733,167807,1,0,4
track_3317,84.90014709365333,0.529028556563515,0.5562735852896046,0.4863696162665985,0.27836296644143255,0.07067145808481165,-29.486683055012943,0.5474958469966958,142703,7,0,4
track_3318,139.05824194959564,0.34449383075570855,0.40614959161156855,0.4186641546195636,0.00509097575157728,0.5167623180419988,-13.735239393919686,0.3006078291489249,416262,2,1,4
track_3319,128.216735427296,0.8108821780734508,0.07820323500099724,0.440500996693886,0.07294776667012373,0.4524452343103244,-18.114854151278255,0.35343883406460924,210771,0,0,3
track_3320,56.81229545113853,0.4907403874168888,0.5121404083142376,0.4092942506680196,0.5542287154052739,0.08502460362173182,-23.792294757541256,0.4692721076522909,325037,4,1,3
track_3321,95.60538183275158,0.4285020437939496,0.47093110136262883,0.5031349940972946,0.07010686730300394,0.24425762683865945,-12.28316411083771,0.46190883333221067,125286,0,0,4
track_3322,109.96546386050287,0.6899913105319927,0.13800485471755014,0.32697637651455713,0.3220120342061176,0.07159113001262005,-19.70116154500482,0.21823766880867107,301281,5,0,4
track_3323,128.36489151363094,0.5402291440194285,0.2563164430834495,0.9275201982071153,0.1763270581178552,0.37360734926941214,-13.528298520452001,0.2797395845810952,346813,11,0,4
track_3324,132.30304484819314,0.8604382125421152,0.5284344499283308,0.3280666909423885,0.8097567368989071,0.139166248167738,-12.406530875925212,0.6039313748570209,157288,8,0,4
track_3325,113.5171800352642,0.49870964077916957,0.44934887617614044,0.5597483360754423,0.07381619490903941,0.02,0.0,0.722689860187967,144800,4,0,4
track_3326,122.55742594076568,0.8384009056053572,0.8017579142328526,0.46160056037878244,0.264776167675831,0.028286680294247486,-16.468922539651338,0.7323073192433841,199824,9,0,4
track_3327,106.92410407134462,0.5517093034487606,0.05317881932068698,0.6039047990550013,0.05025217502886436,0.02,-12.976928244011258,0.726810739982583,342790,2,0,4
track_3328,84.78444935458319,0.5331593090356606,0.34580591875505495,0.7198089747917181,0.23892778961150274,0.028195604755599474,-14.412627503261628,0.6348230008253526,161092,9,0,4
track_3329,97.16206826876238,0.9450177567710977,0.7099951541086597,0.7208003085586563,0.19355260553611683,0.09040866752867457,-18.708072950596126,0.8404907714705219,288118,5,0,4
track_3330,105.56973559920324,0.14801094978873688,0.15605579479858792,0.4034139829041154,0.23673001592441642,0.04420980747008605,-12.907738201885502,0.4598556750747388,296238,2,0,3
track_3331,103.9596224994423,0.23504865833059063,0.7223498129424061,0.4527929156338841,0.0886198254552847,0.09535680059365888,-9.504305651950034,0.6480169578620165,327898,4,0,4
track_3332,48.43281286669588,0.39901058460010713,0.6218803868883261,0.35610731904106674,0.21381331910999093,0.31724647457367344,-10.858689979703877,0.15733237627473617,164864,5,1,3
track_3333,93.07549995211707,0.5933590510909056,0.45308802683763266,0.6205239854548212,0.2000046982045341,0.02,-9.975917368029,0.470674648958586,144812,7,1,5
track_3334,106.68616959267456,0.5449628185745643,0.4522518265539437,0.45171080384889967,0.34499251912254497,0.031062169924115684,-18.89258458968989,0.48600048878351493,191852,11,0,4
track_3335,96.55890024282897,0.0865268671812982,0.3606257919837278,0.6169770789069159,0.09644036707762584,0.2541353707705816,-13.678227848431249,0.3039138539212702,151226,6,0,4
track_3336,97.59528613465243,0.3851627180494966,0.569800514077233,0.5998380574750002,0.18750284265990846,0.12419752160176707,-23.67684752413993,0.7231938796901565,397272,1,0,4
track_3337,119.63974112413763,0.534639604909764,0.899118803995077,0.5253227652962275,0.589859254363931,0.16423784308404935,-24.48170387040741,0.07637631851325942,388497,7,0,3
track_3338,72.63128438854099,0.6762097799515185,0.7794841673312634,0.2527140493016799,0.09637710582824448,0.1460682971018168,-3.9296073183578386,0.2977831665417772,254161,11,1,4
track_3339,56.158733581463665,0.7108542090557852,0.49923914559060967,0.5969005384544246,0.4260633521202805,0.022296114412985266,-13.448008309149504,0.07243085849658379,373692,10,0,4
track_3340,94.55490627489975,0.28696512961845283,0.8357603444486955,0.15912323936819875,0.32073379227929666,0.32257469675334227,-10.341778525242937,0.5423838114021883,259870,3,0,4
track_3341,127.9234321650537,0.1408886594633213,0.6672611795565486,0.04919495042585701,0.077377806627389,0.37193666494256145,-10.320544061491399,0.8214589034458911,280159,5,0,4
track_3342,155.62659118459916,0.653007308763685,0.2731563840982432,0.7589924087881156,0.13011708462093433,0.11265893153733227,-14.30015710505048,0.4812257319171833,261223,0,1,4
track_3343,128.4638471728422,0.3666973722933866,0.7645719606739788,0.18553771765754726,0.059875517170348856,0.15987592891214233,-6.12259594274297,0.6324521818880635,121157,8,1,4
track_3344,60.95208720393458,0.6015135193737631,0.6610078692099819,0.10154741453320176,0.44478658192641796,0.2939800945083405,-14.952854971263953,0.26037830317208666,406656,11,1,4
track_3345,98.02898281869686,0.13509077326954597,0.47856642078504086,0.07934554140972334,0.5424701514639239,0.02,-27.056537026090595,0.6706681028460434,141653,5,1,4
track_3346,112.69903143244588,0.9087299063792101,0.026407233082593507,0.3116998656966163,0.5046536042394691,0.031969935581234454,-13.070175560378166,0.21192385417713308,367358,4,1,4
track_3347,110.32773350770776,0.16530535398981785,0.5074732418936431,0.3822821489567065,0.550198813481366,0.2748721954928739,-8.501006417538367,0.9517544158241432,162769,10,1,4
track_3348,121.17913658828623,0.340029159847422,0.6305984793317081,0.5621931041445309,0.48383097671459047,0.030572896957785277,-22.58471194534745,0.4995639321387138,168566,5,1,4
track_3349,77.48853160617718,0.6558843950795044,0.2865078247892739,0.4528584080993393,0.06206187713755216,0.02506654174582155,-15.814088805647629,0.34790943389347273,253179,5,0,4
track_3350,106.94829262652227,0.7216353323182617,0.6161539505299658,0.4703735621239206,0.1609334872757274,0.16979785795130659,-7.460728019230217,0.20835347311290173,226890,3,1,4
track_3351,117.60968489328387,0.4575948275275133,0.7900873980162708,0.45222712716499247,0.23053249842281523,0.05547109098204241,-8.794820992526773,0.7223845059814168,371079,3,1,4
track_3352,129.7701285991098,0.40130068184077683,0.49224070671398545,0.28488665256688256,0.48113800196862605,0.3486141017295172,-14.908728024407564,0.3040039678683544,367012,4,1,4
track_3353,80.82845500161623,0.5575304994123325,0.7900851451031858,0.20641950744673634,0.24802802217556205,0.14781293646704005,-18.748052220776103,0.5570031920878088,121879,11,0,4
track_3354,94.64529398271306,0.3932479615421328,0.31217550782111547,0.542526348991736,0.24072271738068363,0.02,-14.169403743225217,0.5155680376077264,256225,6,0,4
track_3355,40.0,0.5011073880685334,0.34862917880392075,0.43977220686095436,0.5411881736177996,0.23933812696283194,-12.67298737375015,0.5480626937549894,327169,6,1,3
track_3356,86.35614097266678,0.2929002672466026,0.7108169676043201,0.248619796109606,0.1817553319982814,0.05157828049953574,-9.684220189520143,0.6591350565983157,352691,4,1,4
track_3357,89.26755321086871,0.7188231772017754,0.4846233857506515,0.4860814163965729,0.08242026524857676,0.296056162413812,-14.996366915436388,0.5533812155285454,359835,8,1,4
track_3358,74.41246475497671,0.24984335599567079,0.4381792745626468,0.07076684523563273,0.21952770968908034,0.053892431810176854,-4.8100598308631,0.18258886246854117,154915,10,1,4
track_3359,109.96836450697955,0.604179557513451,0.36831565272482325,0.2699621219974693,0.06443286216096956,0.08721289963441493,-12.741767000467602,0.5514726681261863,342609,8,0,4
track_3360,103.32163703864195,0.2255967732244141,0.7376256703306457,0.4423947215503154,0.029212768044043953,0.25838636081373995,-16.252747502285565,0.6239744300181803,314167,8,0,4
track_3361,40.0,0.9146283743978971,0.7638343311348803,0.488881063736516,0.3289213332826246,0.11893963127880547,-17.465689760400153,0.22553714523399473,212334,8,0,4
track_3362,111.4652390790527,0.4484883067474412,0.459957552279712,0.1140910211341161,0.4044146069618212,0.10658793264318697,-19.279048001904044,0.6754026267678964,171538,8,0,4
track_3363,77.15027607632918,0.6193305211606384,0.343221423968229,0.4640365358315694,0.4110482811057488,0.048909207351014936,-8.008827239964642,0.5444208177079642,309019,1,0,4
track_3364,119.57066877571546,0.1490904280162012,0.24057479962836978,0.8820788072927533,0.4736269136256712,0.13247323334079572,-15.344933389758902,0.3171765108307496,180631,10,1,4
track_3365,66.54446256814003,0.1901192610129924,0.8231448453372311,0.40788663427725647,0.03953503807001373,0.2695762426094223,-31.280886947330778,0.6599523110707903,282666,4,0,4
track_3366,105.9001961559282,0.7007351107945622,0.20740492767854105,0.5857933096145763,0.2919952325923977,0.20592384040209485,-16.481998377429502,0.6543538513052437,305065,6,0,4
track_3367,96.50510013340482,0.2934384613342284,0.8698340627669243,0.6043550153707684,0.06645211299054868,0.07789678538640271,-6.764611299170367,0.2533030850948242,329457,11,0,4
track_3368,114.0930565485099,0.7795491923956896,0.6320494065431027,0.13393214263360156,0.5647585307692359,0.04865595208717606,-16.91194601742993,0.07849149045867612,335125,9,0,4
track_3369,108.7409183295404,0.3510176694889793,0.20995960693228186,0.821462715169353,0.3288064545694337,0.13713576855340678,-22.23822813346935,0.2539185369559788,338640,6,1,4
track_3370,97.34507474935637,0.23451712816781844,0.5866285831673342,0.26542532292642784,0.016457539186628033,0.05663045966954013,-17.006685300998726,0.6750341358483334,346638,7,1,4
track_3371,58.91183057867266,0.7751769098158114,0.4437865334181111,0.6880797588224234,0.19443551815086113,0.21955253651323609,-10.621164307011046,0.32438764222119354,393994,1,0,4
track_3372,60.68376109616905,0.7006040752500249,0.8400680510780411,0.6312101349759003,0.07565432973756991,0.02,-15.62819392372528,0.2264291830793388,372725,2,0,4
track_3373,87.48339182723343,0.5988430008417862,0.1823458478301217,0.3966072712130427,0.2130534716853352,0.3565775295825449,-19.778118577512316,0.8313491297412898,406897,3,0,4
track_3374,104.75160348211239,0.6441975825279393,0.8460542691645736,0.6741783552602987,0.03361425299276479,0.4107348285762244,-10.674388016905116,0.638247932626556,408688,3,1,4
track_3375,86.7525615840265,0.3244065470411175,0.6001334977080004,0.2977061243837713,0.11037261255840419,0.32933427301428064,-7.265660686585468,0.31449646504248335,185591,1,0,4
track_3376,123.75635791738397,0.24141121899359283,0.24832639718884833,0.5155385834741235,0.2197924743200895,0.14949421773379803,-5.412553026381726,0.5566661621223378,359313,10,1,4
track_3377,96.62337242364949,0.31446352730656324,0.13323873089822882,0.6346160016025713,0.06548932801527568,0.08429642709615448,-12.961338743192806,0.4558102769061681,408569,4,1,4
track_3378,76.04961825661469,0.3987159761820694,0.4298772528501047,0.4541817774119225,0.3134610161783574,0.21454606242811267,-15.240513124368386,0.5784217203304802,231940,1,1,4
track_3379,96.65711121036271,0.8026878850281685,0.38924910301997667,0.5976556968255033,0.07264999712452863,0.10963394561049394,-11.577476064053844,0.07406708118142863,352598,1,0,4
track_3380,111.77579508949657,0.4379212281724635,0.7988435831796286,0.43879113814850285,0.13943394489867955,0.1420794809665461,-6.641529429277351,0.4503671292165816,414438,6,0,4
track_3381,114.74654156473753,0.5995048809854928,0.08176202583929901,0.2539280454742086,0.3129809909737085,0.21652386465590132,-7.945356527081412,0.682013183338843,295430,9,1,4
track_3382,161.35137395979388,0.6592634830555422,0.048112969103166814,0.8198042541643328,0.24779150196012528,0.21687786851983465,-14.612724173562995,0.26145036217421597,355523,0,1,4
track_3383,84.93271979989743,0.17275954454739637,0.9314233596374919,0.21500156565930242,0.09234869760992812,0.19095877567339764,-19.87133606020472,0.49198117547967973,134245,5,1,4
track_3384,102.79564015228799,0.47731659482825045,0.5914477614387703,0.5412437033030124,0.24358329725895517,0.34281644525063004,-12.698207087648768,0.5745113558907179,283525,1,1,4
track_3385,117.7837184045828,0.09109366959716413,0.8289708294228506,0.20072576709807752,0.13219136237363102,0.25149315345740514,-14.233340005902495,0.2532928226893897,168831,10,0,4
track_3386,104.29731122397554,0.5208208645501552,0.7097696897442727,0.4820871624510148,0.11667019553923372,0.02,-11.426786000994404,0.5383498095766268,380452,1,1,4
track_3387,89.9814556203404,0.5516803301129454,0.2531851736739726,0.7567179012378766,0.11948031591740617,0.3847243989001021,-20.710675793237016,0.13614873517064016,166337,7,1,4
track_3388,58.5222847096727,0.4403235624861003,0.5169874134598434,0.6529308986549572,0.7441499323855496,0.08268251440389797,-18.093955082196395,0.27350996694688334,329615,4,0,4
track_3389,89.67496322840954,0.12154263385188517,0.8077492744535657,0.5599474158448715,0.010945678704619112,0.20759778435238227,-8.87416680527317,0.8273481037555249,229000,6,1,4
track_3390,72.78892761846598,0.40707683956662244,0.7556014773539289,0.3714034607868537,0.43940895983020695,0.12345286880021197,-13.025741078053322,0.49286932644989456,134418,8,0,4
track_3391,53.20179956628665,0.6047680885414444,0.14857900987867573,0.277823064943237,0.02411315899359914,0.3805712485519892,-21.20572121251697,0.2594320728493882,293519,1,1,3
track_3392,81.1296347498824,0.27956492589029924,0.5999402727904068,0.8414331123940271,0.20482328526107788,0.026289804893226278,-6.292806978955575,0.23708251944020248,286704,10,1,4
track_3393,73.58724837700636,0.04451080179458218,0.8643428382117909,0.17388574719538463,0.17156140952031432,0.05045318653240182,-15.908636695861398,0.24341700344679787,134185,2,0,4
track_3394,122.51359635878845,0.6019386232045693,0.6526407700745382,0.3759590820189379,0.7016274675508097,0.18979085544592403,-11.860434102669647,0.470366139166819,348791,4,1,4
track_3395,123.03275512242881,0.6859484698099003,0.5743369244798086,0.1606702645408886,0.035008658732057114,0.02,-17.05846371357938,0.31352337616198955,155446,5,0,4
track_3396,77.88362131257375,0.2307701031208069,0.4248632923692685,0.11521615295100938,0.24655902659579,0.25749578092101505,-12.503906732139376,0.2507542900510273,259151,9,1,4
track_3397,97.19314108310637,0.7764677204194678,0.225790969038329,0.5684096398632419,0.2384514292158462,0.14334342381550533,-6.281831903022621,0.49343047518946515,289235,4,1,3
track_3398,49.252720136623935,0.3835567416385218,0.3788688362214861,0.6702254837832481,0.8239374840915137,0.24444837114051565,-6.249637004395474,0.5648840083358179,335069,1,1,4
track_3399,90.16980149451918,0.8045591517827878,0.5475074225952997,0.19547331724058642,0.21468829743128817,0.06050820967496264,-4.858517351111242,0.3417244246152116,199851,9,0,4
track_3400,116.96945702107037,0.707188119724885,0.7839291969092762,0.2546947945740502,0.16882199012491353,0.32205765217509674,-16.997874391489518,0.30886984651224,216224,0,0,4
track_3401,129.74813668842307,0.7110315892183571,0.5784449112168194,0.21197756110484087,0.3437415211310452,0.6333138390350529,-10.258260430865846,0.19024490289980586,268944,7,1,4
track_3402,83.60858754926059,0.4230725642776379,0.09410990307292649,0.2970305779786187,0.272448165710111,0.2694717243530656,-24.161777048676225,0.683990338945122,298232,11,1,4
track_3403,136.55564581582559,0.5257397426343234,0.3890510742714487,0.3922703058795541,0.03491314469311641,0.49325809601959947,-12.177281772021246,0.36904682832433033,285965,4,1,4
track_3404,59.52924235459585,0.6968480667338643,0.6753192348704147,0.6990035175994969,0.10975532638473351,0.039629081466296685,-3.0294981326096746,0.13378250738688371,321556,5,1,4
track_3405,67.57116602568622,0.43084307688120593,0.35904032098154176,0.11229792512175894,0.5582856424707102,0.08830725005969163,-21.388603100483635,0.7488720412611453,280813,5,0,4
track_3406,126.28985596913628,0.3103184609873088,0.5996592742041648,0.2970446643737431,0.20227372253789538,0.08915951472324592,-19.123430594641764,0.7238616216777787,183117,9,1,5
track_3407,155.13363685689743,0.7015951844736045,0.4004370113036016,0.31861243981291293,0.49407607175297885,0.27696472464758826,-14.985845080133764,0.7533614517779861,148547,4,1,4
track_3408,119.80295964551087,0.6880708918219164,0.6883610072162747,0.09574825382000679,0.8675244989130003,0.23761980333738594,-15.580350863921057,0.17621371299192348,367008,7,0,4
track_3409,103.78972840397962,0.10934078400062733,0.6564782907100118,0.8557959081645815,0.09266707416370898,0.17853708592616288,-9.166714531959304,0.709079538114176,276237,6,0,4
track_3410,40.0,0.5674158256999451,0.1954442783555326,0.3729349290949154,0.6187053023395517,0.02,-9.567319123799447,0.14035881946794235,285849,2,0,4
track_3411,44.32658831869562,0.7163351163093707,0.450137786422001,0.33061952762030156,0.02444452588984872,0.2464734618011043,-26.307152281517407,0.4565229200874835,289477,0,0,4
track_3412,108.88228610687607,0.5387720311737979,0.6069110041667364,0.1847284173125668,0.039649374070369836,0.03685022843823265,-20.36883623273075,0.6515115085840101,351242,2,1,4
track_3413,94.25811991286477,0.43020216631111635,0.10568780451716706,0.3887111536266268,0.01818832521390218,0.02,-15.019480249172181,0.4091066062393445,252199,5,0,4
track_3414,71.82494453543646,0.5899914139463526,0.746678587663636,0.4457336934311772,0.017830624400996486,0.0913146633403407,-17.524698155848288,0.5314433449354993,137428,1,1,3
track_3415,106.96597742490152,0.2855002535585968,0.4727426231609458,0.5247985922903444,0.24243719016720694,0.14103196534937346,-11.9057272045885,0.0762332965392444,342871,3,1,5
track_3416,108.45394102523429,0.9151545795711965,0.465105541509163,0.5242132547296721,0.23551702413164252,0.13346106379013617,-11.62359026852093,0.8210669700825013,195022,10,1,4
track_3417,133.33247605620818,0.8326977941601157,0.40903922752631333,0.45616506785651467,0.44809933743447283,0.285840797017149,-27.552325106805153,0.16596785634472128,152044,9,0,4
track_3418,109.09806849038102,0.09575555861669505,0.9073786917405263,0.08596003410889136,0.08273499119243083,0.16039911883537575,-15.939806692800651,0.6836143123586641,268537,8,0,4
track_3419,141.85183105003154,0.7766029900905517,0.45704785225399386,0.581493227334026,0.09856255424087411,0.08969151603668045,-19.17084683469374,0.5252152960800789,340942,4,1,4
track_3420,105.2398208864644,0.12167975205142827,0.47824710207819987,0.3094462470912548,0.009597218142285013,0.40047276319611486,-13.351846198119514,0.3903800617371939,154871,0,0,4
track_3421,101.53995015577992,0.5789091368565843,0.7272228195324132,0.45697684495793833,0.21263619908616502,0.21422920196155779,-10.033843595879343,0.5960647557919913,392145,8,1,4
track_3422,136.92936558741548,0.24041705501548838,0.5918187614217576,0.24605993285949973,0.0940652024955858,0.02,-15.301817168168965,0.28789495053713576,142216,4,1,4
track_3423,75.64677359875697,0.8641555217005272,0.4612626577438103,0.42107814356345064,0.34633425452746575,0.027317092584699554,-21.716374406168047,0.5180596787006241,341260,0,1,4
track_3424,189.43342359798484,0.6735528993801639,0.5040726896307193,0.18163904821485966,0.01509381298763978,0.4334889237989258,-6.104460963278352,0.3376472823660673,155557,6,0,4
track_3425,116.25772434500207,0.17014386261012357,0.3258532024454353,0.7886989783621551,0.7244906936547604,0.08977267524761108,-18.7377622123292,0.7653469764455569,342021,11,0,4
track_3426,116.42487758513019,0.509362951563418,0.28338355365028794,0.4178438416487039,0.10295826110485598,0.12399440018868282,-17.1649272561231,0.07829869520328357,388728,2,0,4
track_3427,120.75287921917793,0.25007386359865036,0.588803017175581,0.39175617506883664,0.22982895794020583,0.15842833279618068,-25.431348362843373,0.3926106916684986,271629,5,0,4
track_3428,161.3140942599493,0.4094760757335451,0.16112791835784693,0.34494617214678147,0.15791723326930385,0.09954210998948124,-10.811308744225732,0.09620239564101007,349480,11,0,3
track_3429,128.7752223501782,0.8016698283270698,0.8296175407112641,0.2426023152958569,0.12787173171663752,0.16242733722966787,-13.906763070092762,0.6789658723677627,382880,4,1,4
track_3430,56.848320629882295,0.2359487369494154,0.1653530169214821,0.02269728823743381,0.2518360456406886,0.10728795485692451,-11.051984517824621,0.27031855954234113,323220,7,1,3
track_3431,147.1041115430251,0.6618908941299992,0.27107778821266015,0.4856278743992467,0.01571782122108523,0.13756181274229515,-18.84851177506944,0.7701997930081517,384514,6,0,4
track_3432,94.77310261664948,0.4022108121405526,0.5385670342334443,0.50539526408947,0.020914017652356537,0.08901501405852577,-10.101925666355482,0.7142978420502681,355041,3,1,3
track_3433,108.2146521851797,0.3768480782537769,0.5880401908799956,0.4925137826798962,0.09749740794881348,0.6004225512781691,-5.506169173385569,0.3145328976039482,230132,4,0,4
track_3434,66.622380834742,0.2696987781530958,0.3266262396073241,0.259263483269811,0.03924701307181308,0.09955723047587565,-27.733487572720357,0.4809445311338681,254034,7,1,4
track_3435,120.78606054371687,0.541231062124565,0.8328549531144871,0.3551272982140805,0.18042913375660466,0.08612637530904628,-11.334088331860524,0.21625531463497955,294164,3,0,4
track_3436,85.45877129797344,0.09182680006048102,0.6630816077489694,0.5972113667502089,0.7724557490047107,0.18494393931069714,-22.780895719763926,0.5630512731048688,404799,4,0,4
track_3437,108.00508913980421,0.49279701913550783,0.07604328520855638,0.32445361614530915,0.05209096835912425,0.086787681423206,-11.291734824850995,0.7164495996832285,240508,0,0,4
track_3438,96.47702983917651,0.1478375618999489,0.765358499204372,0.617954553091638,0.4821794111077269,0.03779058366886447,-7.574265588034958,0.49754152428428494,290526,4,1,4
track_3439,162.75038405207556,0.6432180896119145,0.5452639060223876,0.1297703784616985,0.1679838634774798,0.02,-20.208436784581117,0.3244429026526219,187189,5,0,4
track_3440,164.4678090043677,0.26931521412859555,0.5684476268103268,0.26067532591417697,0.26729674805108133,0.07469754671408747,-18.863310063194675,0.34517070447445825,403947,6,0,4
track_3441,106.39539510644224,0.290648953471995,0.9336983908610069,0.29568059108624384,0.3350980844103066,0.09846339112412883,-13.182864981674546,0.3255657500611783,152945,3,0,4
track_3442,106.91933134106564,0.25174090662469933,0.40813721636652833,0.3951163614110372,0.2692624658675009,0.02,-14.092794578583561,0.4204331987359806,310243,7,0,5
track_3443,93.79671100951455,0.500567914510047,0.9470474560842063,0.37385144335731335,0.214834362006254,0.18178223997565893,-22.206913046862706,0.6119085882883526,269975,9,1,4
track_3444,138.18018874508357,0.6213789781679014,0.6746489410124643,0.5417924117303524,0.37963728204777125,0.10152656844198688,-17.409470972048155,0.1681001666119479,197207,0,0,4
track_3445,95.13240388999868,0.8403052725481925,0.6064711484128581,0.20696399932599183,0.28306750808983683,0.12461613524977688,-18.628889515783847,0.6938785775651668,235411,1,0,4
track_3446,92.35988176062902,0.305371252539777,0.6473592161449926,0.5235305741584912,0.5855404953625273,0.1521457258628293,-15.370946344830333,0.194333804885181,281306,5,1,4
track_3447,134.35778590994894,0.16922760395231776,0.11511645777489429,0.3946185220521788,0.004671657751017577,0.1855161248500423,-3.473293210647986,0.6898465001296655,187266,0,0,4
track_3448,88.85102714050052,0.4301534203036491,0.6508711719746814,0.17555322328734907,0.5289064119908113,0.40589836229760146,-13.056291715280256,0.6933114893935858,288784,6,1,4
track_3449,103.86734896654409,0.49097290466699123,0.45127412545674056,0.1981711891662676,0.16899555181543566,0.10496590293279129,-20.449711108484788,0.33443789287682313,332681,5,0,4
track_3450,57.560676554670216,0.59808606012003,0.8192295999142035,0.6929451971316075,0.023422315123683122,0.6410268790791351,-12.369045512210526,0.4543698620412804,366799,0,0,4
track_3451,126.12571035369501,0.22054081484008398,0.6051161167008732,0.7115217878227824,0.2880336715627599,0.06194969161641552,-15.544343660697288,0.5016469241838618,280700,7,1,4
track_3452,163.22600817545606,0.20380081223686247,0.5547188076595648,0.1738076134853011,0.04632031966476675,0.02,-5.3703938103212145,0.9688377493229284,364585,6,0,4
track_3453,126.63676118399376,0.8965349616890445,0.6839441325844253,0.7459228222731732,0.2848841446991478,0.16347431135001433,-16.675763594982865,0.7870155318504509,295012,4,1,4
track_3454,148.85397502641916,0.6615450572812186,0.09842805595594904,0.6429572819683641,0.018662970399711036,0.16289449460048575,-15.81894665368611,0.6840343320118565,297378,6,0,4
track_3455,79.61693591468007,0.5995195818885785,0.7129874117258024,0.27326065318732085,0.4844689880702081,0.14694837870939606,-7.327015306137862,0.28528954688822555,303290,10,1,4
track_3456,112.08972846084602,0.40521770714169064,0.6808680987226038,0.2662265859578002,0.4157579545721854,0.4098989913996637,-19.08566495362714,0.6583160707786188,215391,9,0,4
track_3457,76.70520226891831,0.3274290917629668,0.40096959972110974,0.5718677264087045,0.2202894211949692,0.15645229280132195,-21.149911207513465,0.2175418334922191,178406,4,1,4
track_3458,98.16703363255971,0.5223567596500028,0.023292168142781466,0.4217858050398193,0.4197590026006263,0.023559298185283937,-12.370974741123664,0.3414688561836809,139961,1,0,3
track_3459,128.16634432057515,0.5507313746398771,0.877937903992214,0.41439333655221705,0.3879324487872489,0.2933360166348569,-12.983362944987269,0.6678120254148395,270284,4,1,4
track_3460,108.05461839309896,0.057961522017494126,0.034325204257867,0.13893400861528135,0.18965880553023523,0.33987284925208633,-21.974591613456838,0.5337908632200916,251924,1,1,4
track_3461,62.62076932196335,0.35828078902697424,0.41770105252854955,0.596391359728211,0.018545723586565192,0.32194855272842593,-25.93949196510436,0.49952475162988164,297078,4,1,4
track_3462,65.5491268338674,0.6193232681376037,0.37207169484331654,0.3251933057515005,0.19098491229854256,0.10952081139031736,-12.07326450273499,0.7797519264478268,330815,5,0,4
track_3463,63.56508205527679,0.747864622045249,0.6359519874217925,0.547996952290416,0.34688231959687754,0.0762848273717082,-12.110771537809988,0.1707287265546619,157696,3,0,4
track_3464,119.7435776981877,0.6657179673636735,0.1418894834635284,0.3564104354647072,0.2629844279782405,0.2751833914405949,-10.752722894926823,0.5728240692544171,416256,2,0,4
track_3465,166.91683606970005,0.6995385522535927,0.9036485053185703,0.5578098510986125,0.3133659341431865,0.053356127386347395,-7.954411212528969,0.46564210053057364,414474,8,0,4
track_3466,145.87374732000637,0.7303048723267662,0.5534559953200627,0.46432865768478643,0.40212853799565407,0.02,-13.40018583229575,0.26185124371681734,357250,7,1,4
track_3467,48.12044402561807,0.13646608793672477,0.2984407008362496,0.11656661223325893,0.2511699789364003,0.026705376294270323,-14.927051858257148,0.50065505943816,269219,11,0,4
track_3468,147.63227814209353,0.629145748410518,0.7484977334868744,0.15155978610119542,0.5167900384873433,0.2815315680747113,-9.694101399696443,0.47395193593103496,418449,11,1,4
track_3469,133.09201251043942,0.204549111781843,0.6786371617513232,0.36086238546986693,0.31383410422688673,0.22348406476099933,-13.38750031838524,0.46618081981706283,137200,10,0,4
track_3470,58.64100163413727,0.5838954154164526,0.38381111191176076,0.22189391684739093,0.35103102725371976,0.26997480782126576,-22.976368278991096,0.7716059514658609,254791,7,1,3
track_3471,95.90395149868507,0.21904796157914613,0.2670602638775386,0.49286668993219135,0.033931166953501415,0.27992269142775256,-12.599360642080947,0.339275092960822,411260,5,1,4
track_3472,137.86567234487427,0.6189654465376258,0.6181796917251696,0.33537353859162217,0.23922929140603114,0.03504087748207839,-10.091666205555889,0.5948144718149649,250934,3,1,4
track_3473,121.51300532804356,0.46306799860919,0.4984117825620632,0.010815890418677776,0.05613505658481577,0.02,-19.46358778269901,0.8198889054118087,351812,3,0,4
track_3474,65.72714842836044,0.7930945895203523,0.5884820063256074,0.5523984477005471,0.0068381223432446535,0.028732902376996727,-3.728637359138686,0.4778763921795072,288913,3,1,4
track_3475,123.32226467388583,0.48861765240987115,0.670639479773846,0.6872348636724851,0.38411270516989005,0.22957129470302529,-15.900029578199408,0.18046962188210908,304097,9,0,4
track_3476,40.87498211758236,0.7005177818732699,0.9708569553456016,0.37821037402839003,0.6439878891367977,0.12451907907146266,-7.557357223713079,0.8446474252254952,385084,5,0,3
track_3477,98.31533472728366,0.9184548007666316,0.5332702533877169,0.08901645007741733,0.42703872333811144,0.5729902500864483,-19.896652396653167,0.6780354994352245,268968,8,0,4
track_3478,139.13870308200146,0.6100643904900483,0.15987605601224078,0.37713714294172707,0.3833011557072723,0.03965851448922019,-9.042151329326828,0.5060090614284309,185463,1,0,4
track_3479,105.55182646713959,0.3510234803759255,0.4103202311253395,0.08188901278405557,0.3730974923877143,0.02,-5.7511705307514,0.5144423792399361,314741,7,1,4
track_3480,90.03187350114162,0.2311812655463627,0.5285040270186843,0.3577925528811043,0.2926959814272998,0.1295455097863514,-18.802380051596028,0.4983880111872524,219401,5,1,4
track_3481,131.68038761317047,0.3059911376965288,0.18031948029164754,0.5509678017771579,0.26607436930562023,0.1686726769932151,-12.25340283752124,0.18000889027062375,318958,11,1,4
track_3482,134.24255445259746,0.8698655381979836,0.2047399993065373,0.8166250068538217,0.14637304793651623,0.21465780908564225,-15.424231207343006,0.338155308984688,322712,9,1,4
track_3483,144.3011907860085,0.23452519279892825,0.5765534480064032,0.04366682914294721,0.36877256928808017,0.18781343412629173,-20.153940434340115,0.8039026805913111,263778,2,1,3
track_3484,131.23027285339163,0.3383883856346294,0.6435566151571963,0.5113636404278461,0.0022682474752594413,0.181388707466895,-13.325294320022266,0.5993192649305524,338493,7,0,4
track_3485,137.4412438181144,0.731362609798101,0.9160989860829598,0.4959298743663908,0.48881660168344887,0.10427982166382121,-15.941647301180836,0.18921078091608057,210968,7,1,4
track_3486,126.98725672312604,0.3025399804158585,0.29064471021341565,0.5492036867342246,0.36817015859603586,0.19152532163801547,-15.579045958092308,0.2661519408154488,173232,7,0,4
track_3487,112.96585947349416,0.43278305641476156,0.6928979887375469,0.16744261308304154,0.10501248642243376,0.0600537221426214,-21.010401868662072,0.4642124194141938,129375,6,0,4
track_3488,107.68526999291443,0.37659379085020356,0.3543926980947061,0.0611005323365399,0.11613985590333661,0.14472178494741816,-8.862989200709565,0.4167388446035728,357166,1,0,4
track_3489,97.88220842707794,0.878359812401104,0.8020333155172026,0.4476143286119671,0.2911086179391995,0.15257415382409217,-16.51712327972551,0.836431807392974,388305,10,0,4
track_3490,68.62895120820824,0.8571726328620856,0.8060572945266217,0.10931705979594379,0.5700977143326645,0.30123745064477825,-15.775498542674676,0.26211634811761725,319220,5,0,4
track_3491,76.34065473540574,0.6137198018639539,0.36105832173808894,0.26848594767921724,0.05147814566729708,0.3806786950008958,-20.27114276143176,0.6012409200824296,135701,2,0,4
track_3492,96.53956554194372,0.2856664355041784,0.0721197538489069,0.5759636771263663,0.06267880395812313,0.026765418889925802,-7.527004226922415,0.7821835758116913,273372,8,1,4
track_3493,112.24356478807287,0.7958456768523315,0.37972040915069205,0.4513166586834626,0.47933052123785336,0.31189648869723335,-21.86097179632117,0.19131713413045057,294434,5,1,4
track_3494,148.2243779401279,0.1066330032720667,0.7442167719159177,0.08620923001363502,0.2519277717181853,0.04642243314553669,-23.629653325315225,0.5172716119847629,316603,7,1,4
track_3495,103.74608316373462,0.20165692643422156,0.48958457679952033,0.051596459684568476,0.09102784001974737,0.06678484354936125,-13.159773943705064,0.2896831611707678,233480,0,0,5
track_3496,135.1042887263299,0.541274372217443,0.45971019042594086,0.3005798538015075,0.08618955793196018,0.08470813175876017,-16.978515417904134,0.5039452399000558,406601,4,1,4
track_3497,137.37946969296362,0.254861248508913,0.6264690990749653,0.6975882561992547,0.10609680164142982,0.026123407448704866,-10.236903796994113,0.6922928074862159,131429,0,0,4
track_3498,98.05659606933627,0.7758614234044487,0.6214175697490983,0.4917169710058898,0.37596576806886844,0.12770032843308884,-4.694658357320126,0.2709805076871514,273123,3,0,4
track_3499,122.84070634110552,0.10004785704430004,0.76267120852384,0.26793724276797287,0.26611449602737336,0.03973957712566851,-6.29653575944911,0.41384439260439426,342618,1,0,4
track_3500,97.69415874825415,0.2026937155933234,0.49892552243163346,0.3625568250735998,0.4295873838934645,0.34280238505675564,-8.258465781626384,0.7200226538935595,281408,10,0,4
track_3501,144.6640768223543,0.6338593921071042,0.47753294819918746,0.22004463133822802,0.05506278022638974,0.14688657694994936,-19.47243625804485,0.7483679531356641,198180,11,0,4
track_3502,124.07530014797797,0.37321199256671334,0.46624549859295755,0.2975486498378734,0.2737333721643842,0.02,-7.725654776374034,0.1715461792196637,151801,10,1,4
track_3503,69.28548735934933,0.16316522545113554,0.0828555268852012,0.2685050286659522,0.5690408148231241,0.35011009949158106,-16.725463812019193,0.5437369270425676,321579,4,1,4
track_3504,109.8457395646154,0.45442727680260614,0.31294835194642806,0.3517805406514453,0.43244439520254213,0.15755357599255443,-20.84386426587438,0.40167099408116824,338763,2,0,4
track_3505,154.44336485471638,0.2616450880145548,0.4892397786728784,0.4610011424505202,0.6552170422082244,0.04039466895517837,-10.741926709308128,0.3733915676546293,257344,2,1,4
track_3506,99.56306896359897,0.7968837274900443,0.4697775931332762,0.5888151764154065,0.12230181730983176,0.06705274305883804,-16.591824746784976,0.141150370446991,258952,4,0,3
track_3507,118.43145090285205,0.6890771553347127,0.03793530767404634,0.45587720908634033,0.5605880767862514,0.07439812084979493,-14.945336134661458,0.31358643599766595,365262,6,1,4
track_3508,121.37636513217436,0.3615514928701636,0.7861619383373039,0.4312214107066146,0.41142072222833864,0.23626574236081882,-9.952794580602419,0.5137360134418317,407970,6,1,4
track_3509,73.90131302506198,0.5022824480531488,0.408400488073971,0.19510271779450655,0.027382689250887535,0.02,-9.326559464865852,0.5015711906946249,308466,9,0,4
track_3510,120.32123847640541,0.3971925315773622,0.40585016391338935,0.3366475743244978,0.47094316373425615,0.22033257199196216,-15.835297237367039,0.1867217645123953,204693,7,0,4
track_3511,63.18494543896123,0.6431297755391838,0.2686693469330029,0.48195214139053383,0.3294632123416765,0.02378686319276013,-13.181829851647855,0.22607614984524876,227006,1,0,4
track_3512,86.23127680795812,0.6172897728237288,0.2711799824003161,0.3738650441365542,0.5445047632181567,0.048723022620742386,-8.4642785878074,0.6385745755832007,393627,8,0,4
track_3513,137.27168902482578,0.4578448106397891,0.594793016914698,0.4820003718602833,0.4821294105685102,0.2297635242819437,-18.34281817930139,0.8003353503505097,332950,7,0,4
track_3514,115.70268870925074,0.3633761809154892,0.3238241857894462,0.42336158565655463,0.07114309139806456,0.17580131492086407,-23.517827893566313,0.2764435854632364,206918,6,1,4
track_3515,95.86566576760418,0.7284310010423207,0.650567014256618,0.5467239917486022,0.24439554957424045,0.09300117268173086,-16.94562754556277,0.7258106020320636,326530,5,1,4
track_3516,118.39383063735562,0.699436930078768,0.8677967190652393,0.3280966618660947,0.06152825031801163,0.09088883546549303,-15.953128414326455,0.2400893210918328,134136,1,0,5
track_3517,103.19723256734606,0.6325064331761603,0.31120620616927136,0.44812661899738326,0.17970684811275012,0.15553945877229303,-14.790453633045047,0.44533935246088713,259067,8,0,4
track_3518,105.377355070555,0.06331319854416331,0.6666532134960501,0.4664987124450787,0.10091334118431784,0.08580672783354877,-0.4242484784126166,0.6898431581999398,256399,0,0,3
track_3519,124.70455580160413,0.48452613222761587,0.8750340945636828,0.2702097405615789,0.3928987432582632,0.03764594357323249,-18.361167180520173,0.700038204127185,369054,4,0,4
track_3520,83.17896778022605,0.31719397243545905,0.545241947395891,0.6624722532185336,0.4683259951096865,0.4885820835300552,-14.993229364853496,0.7382454813344649,205225,3,1,4
track_3521,106.21009216664072,0.4870177276628588,0.8777474089102135,0.6067370540190102,0.15180163491841742,0.03050680503441135,-19.175450401744833,0.8111916627670777,398570,3,0,5
track_3522,95.63195416180041,0.24095183279301588,0.44064867452424833,0.6765395522125008,0.3587511613289417,0.27901015253768036,-12.58642734067398,0.2739697297745796,172837,8,0,4
track_3523,57.43189876199233,0.7220179565945668,0.6082060095189005,0.46300606812395656,0.26588964025386075,0.06751687907332223,-10.86572950518271,0.47893994868114786,214773,8,0,4
track_3524,77.386327312521,0.14343625533785867,0.6317187844928328,0.5707051516970659,0.1393901322932107,0.1921522904009132,-9.517986334484167,0.2591426604457853,361906,5,0,4
track_3525,152.04619341191497,0.3065650196875541,0.48594622160104345,0.5052405059946473,0.17950285391760773,0.11338072460142062,-12.487817143999985,0.6821888348074028,177684,11,1,4
track_3526,116.54169943755701,0.24224836121372442,0.724914160239723,0.6607016140350563,0.24537602050478954,0.04271489007751066,-13.433752848619118,0.676653091627725,149915,3,0,4
track_3527,65.29235095795832,0.2457980546128435,0.7574964607188217,0.33413555411800416,0.4829989908712957,0.06326635359615328,-28.549331313270905,0.316297678031606,198023,4,0,3
track_3528,58.78936872454768,0.8429528160696438,0.09515617464981255,0.08930864127987324,0.021918865234581416,0.4939167503916262,-9.703710127685579,0.3976201173071201,390024,5,0,4
track_3529,101.63508299668248,0.5503955881858239,0.6886068712582016,0.18714728845856243,0.17102244442019152,0.044209390882684274,-5.746689597030402,0.7850144462031196,215337,8,0,4
track_3530,151.83559599529445,0.807996591341982,0.28632148480334596,0.3729792897960989,0.07004382266987562,0.0756439179282933,-18.6955246754547,0.45441608800254496,207381,6,0,4
track_3531,99.39725595586943,0.2231420928672676,0.8401980112603753,0.721272683461049,0.48886675613688885,0.1932014900929788,-19.198411167437108,0.5498169205804563,256462,8,0,4
track_3532,144.20998660212047,0.5408304529618515,0.8311216590720144,0.6737722467102591,0.10413829651502457,0.02,-20.568325007050852,0.23442177768645978,165616,0,0,4
track_3533,115.55792312455972,0.6826595699819531,0.19608150948184452,0.6974906607831616,0.02614067485961755,0.5556648527971937,-10.285785054399533,0.4884802926371745,132292,2,0,4
track_3534,119.13751373537681,0.16079476342245297,0.11462047047138624,0.12378960262119747,0.07286175890296126,0.24719146986996346,-20.77383282767287,0.43102832591249446,183673,6,1,4
track_3535,64.92838472086291,0.24932193710607956,0.18642523030934446,0.3763353669256073,0.12818374765814078,0.23552778772437338,-14.751263867063308,0.44632579058777605,159953,11,0,4
track_3536,133.12568765249273,0.4243921145475386,0.37767165714170997,0.12752827567608693,0.10276662034838253,0.09407964025323182,-22.91901932321897,0.6183567595144265,269743,10,0,4
track_3537,94.95203888179178,0.7708868918212408,0.30607188837000154,0.4092941630185597,0.39668385089166014,0.13194478694518377,-11.507133482299118,0.6224903992843943,250448,3,0,4
track_3538,130.89277360832725,0.0302572910346666,0.33858583723848373,0.17161930036985,0.08262124347410042,0.050031606560934284,-16.604706135498127,0.3663550013716144,313804,2,1,4
track_3539,80.5749005404166,0.06526861601494566,0.6860425768775922,0.8173736227724331,0.6193351145593685,0.2979552349813113,-12.719870571831983,0.7957539227585848,312958,1,0,4
track_3540,110.31148042529738,0.8271103271812885,0.3565365889752963,0.8771741770449528,0.10155089274860933,0.034962206015786465,-19.13261404118343,0.2801287806697024,220523,0,0,4
track_3541,115.56008861812894,0.10242308236076414,0.20729372388655093,0.452575654058276,0.027918268212864944,0.31699789480686663,-18.2766246118076,0.4569646547639011,377657,11,0,4
track_3542,100.37900050272401,0.2106509666195431,0.7634320457870097,0.30130801729152107,0.5142194984197948,0.2558574315848458,-17.438071535816096,0.5666119352970195,379302,6,1,4
track_3543,117.13635579258471,0.5503247058067061,0.38375041910256874,0.40025730725127395,0.14080387232435257,0.19798686499312476,-19.102160905090585,0.24744157239820505,149540,7,0,4
track_3544,97.00808774422474,0.33461014801475913,0.6443128644125975,0.3876457396706804,0.2152191840363933,0.09323659470749879,-19.39953152233482,0.7252532398735276,362339,10,0,4
track_3545,85.52820740876162,0.2108246566126657,0.47426213569350917,0.48183604874797203,0.23977679211011477,0.5181572737236754,-21.677949463313105,0.3755192496772302,140776,8,1,4
track_3546,153.16450148381892,0.2108654155166841,0.5571438098332623,0.2577711114481081,0.0736983227516255,0.14805125846899359,-11.169911781301932,0.2826065748751448,172308,2,1,4
track_3547,136.46858599084328,0.5245727709324163,0.08556552585396063,0.4698418839779295,0.3334536236826358,0.061458958866226536,-12.196644143177833,0.47040219970033836,247846,7,0,4
track_3548,82.1740576485547,0.8678028922212495,0.8134709595151904,0.2347412716576281,0.5858690035655748,0.04113095906643353,-16.53335302145897,0.5998745726530422,360089,4,1,4
track_3549,122.05332916783838,0.015858234574000627,0.23027489400099688,0.5447810736590846,0.0025241408834900943,0.2221076764204861,-9.472731901510327,0.7446462265558073,147991,11,0,4
track_3550,82.71963435896541,0.3707108864884605,0.4617702277444819,0.4079804516541605,0.6180061336157661,0.16951953466972539,-5.133806453230903,0.699168675771341,344518,2,1,4
track_3551,69.45946069013027,0.955085912256293,0.40637643869024587,0.3016056025021586,0.43178411829934205,0.05845285707324249,-18.249250659402758,0.32712905042407064,167230,8,0,4
track_3552,136.01428324196928,0.7234130293487747,0.14990240160215826,0.38452427424989155,0.27512410219106254,0.27758985422632526,-12.740790377883767,0.5784431750850024,237895,10,0,4
track_3553,53.87701123057783,0.4594654405591111,0.5874300902717241,0.36102174066742493,0.765044197813983,0.20439528983075478,-12.73555088855986,0.5785487453020737,149247,8,1,4
track_3554,132.80567740729623,0.3923342433430932,0.5300167692077725,0.7589362665706526,0.1059936115937549,0.19194271723363832,-17.847465232486645,0.5237150299236074,332934,0,0,4
track_3555,97.41833062280824,0.5002834018915772,0.600050729885875,0.7269022432021094,0.3671820602571939,0.162731247564445,-21.80745193159016,0.8559544021546517,245248,6,0,5
track_3556,98.65360190758415,0.13074575968621183,0.7751927255905458,0.4422272475572012,0.0677441653302932,0.08534540035099016,0.0,0.12219503654011794,333348,1,1,4
track_3557,117.2925365886987,0.6322056727387149,0.045080503879193115,0.550374594357826,0.21615016616833896,0.19399871743184446,-11.940317205417083,0.3800022415105837,292520,0,0,4
track_3558,122.43596435982758,0.8643120744938426,0.4345374875867727,0.5993943464705119,0.14485361905675478,0.1854713342855996,-13.816411038138787,0.3764762012120539,155686,2,0,3
track_3559,80.20970469513276,0.8677227543832787,0.6480457635438673,0.17393815455758346,0.5005281446327096,0.1561070112584337,-12.042082420840586,0.7947164669443213,266155,0,0,4
track_3560,126.5317682625019,0.278908925911179,0.13304913009222957,0.44747400958405914,0.38936342147655484,0.2361210331829535,0.0,0.64445905923472,187463,0,1,4
track_3561,108.4011161407567,0.7886348523351657,0.01,0.705101097145908,0.03919155778409056,0.026969205793220652,-15.305065237403285,0.29523295826254103,294733,10,0,4
track_3562,67.31835621395885,0.782286407714788,0.912452701157211,0.07470059659049318,0.5583586964649722,0.046235321701567224,-13.708431614569633,0.5457463493355609,389853,11,0,4
track_3563,99.90376549260782,0.7150149679731757,0.9306679338696465,0.45829031042550794,0.2436030878246043,0.31395893970952116,-13.641692036915229,0.6232465240193028,376187,3,1,4
track_3564,146.43837046676776,0.3830952060928786,0.16479363512671333,0.23299188065415688,0.5905117426973429,0.02,-7.454688558346829,0.24965818745704518,261498,6,1,4
track_3565,155.2978439473709,0.5086411320150944,0.5277203333982252,0.344660504332855,0.09862996533329624,0.25127134805252554,-12.378970117582462,0.3973167855146165,312375,2,0,4
track_3566,126.52045372826032,0.20924137123727876,0.7535523384900414,0.48444438996470357,0.3154631084334599,0.1281633433430698,-23.311685309588007,0.1388953086071141,286294,3,1,5
track_3567,69.28969535494889,0.5129117782141754,0.524038134679656,0.20949226604220159,0.0631853474363397,0.41233745824014717,-24.591450326476856,0.6632939478600206,179625,1,1,4
track_3568,119.71820707367665,0.19109547613577255,0.25818974404277895,0.40034596839972214,0.8515163423620982,0.20447256430120714,-7.791141346710366,0.21413182380974263,341113,9,1,4
track_3569,130.52582711577577,0.5470841040475173,0.8341626714117579,0.24862792352061483,0.00436480562400476,0.02,-12.514694508076838,0.3841230193347051,221217,4,1,4
track_3570,126.77123949956166,0.4890783665237081,0.5432478517918351,0.3624509319733717,0.6055742144917663,0.41938220812854665,-15.996545939238322,0.9454735220660885,393611,0,1,4
track_3571,128.54862866063755,0.3140587528400483,0.16531355640201092,0.21171973545782297,0.29042505702689486,0.09921032919360408,-18.751442755629398,0.44218521136198563,286163,11,0,4
track_3572,115.89789237742592,0.5013860392460051,0.28807465356233564,0.42805362687099446,0.3939381218523193,0.11819215965484274,-3.5182689170128594,0.6569113834233554,374318,2,0,4
track_3573,102.82762983508368,0.41717523096919745,0.8107244698193304,0.5491648572187742,0.29231884148805876,0.09409873865635204,-12.615667250918808,0.9161856306023569,294011,1,1,4
track_3574,86.74897512287944,0.6173208818905405,0.7096120121157525,0.34366707040473393,0.5658789348503627,0.22283057398329575,-10.872365373059285,0.22773460514845778,253018,3,0,4
track_3575,48.061934444955114,0.39388923087034355,0.7390041406906155,0.07893878035627412,0.33338095251295624,0.14842512291313642,-9.099949727247616,0.21338346091707386,346642,7,0,4
track_3576,115.18925300140053,0.1035988849226422,0.5526107119126986,0.40593072915135703,0.5077001019123601,0.1917883317602927,-11.42644386218495,0.9201616473191938,232641,11,1,4
track_3577,110.58158530956565,0.52748361624267,0.12160586518788408,0.4632387847722724,0.7186079938569869,0.02,-16.67179667033448,0.7567791926748464,286055,2,0,5
track_3578,121.72727528474448,0.25873463545435144,0.2768149333996061,0.6337799259183816,0.2694990374301035,0.020348440420716693,-15.206515642811782,0.044222535483047,272997,2,0,4
track_3579,64.87368920121318,0.6595315076053857,0.5705196327452031,0.8376587729353058,0.5296043189908666,0.12653665237306275,-10.12109550114302,0.29031624320697985,284778,2,0,4
track_3580,124.35050067945181,0.3998623507977502,0.914537472598527,0.2569457778622222,0.056637925290379094,0.05043724686534327,-8.674648837604455,0.7171714173233164,391238,8,0,4
track_3581,166.6363528386233,0.7702441383890238,0.24833144446979552,0.17573687897090826,0.40032528304263404,0.29815004628977276,-7.65472582590199,0.4840071514926959,140150,7,1,4
track_3582,107.35350392333734,0.5156873942650839,0.7590970090466391,0.4284245516785743,0.027310243398271327,0.02,-18.784070130798703,0.7997069746637439,362004,11,0,4
track_3583,103.15004042380377,0.6959635367061122,0.1580310599454669,0.35614035848996617,0.8040917047679694,0.05996685869468603,-12.90395468335216,0.5116843274679177,238433,10,1,4
track_3584,114.27007068257103,0.4180740742574873,0.7976371884901509,0.07882649155679211,0.17621747672963997,0.45551463950908744,-18.83574793883397,0.6639493463481663,344292,8,1,4
track_3585,165.97011074131012,0.23287793793673248,0.8159867608179635,0.3172631919633618,0.3030153435604723,0.09459745189677578,-14.722258134968765,0.40157662598908467,153287,7,1,4
track_3586,74.29056714900327,0.4965263483704567,0.6450032946065145,0.29337759316262396,0.015495646085271335,0.0348213599500236,-15.532614646738638,0.29295301528700596,355357,10,1,4
track_3587,111.09620800181715,0.19582018826844294,0.7231711817980724,0.3785833386160525,0.05223475610412443,0.08773523091980878,-14.049953080716616,0.15438188182985815,243356,10,1,4
track_3588,81.01027733107068,0.3906856225951876,0.5315840255844241,0.49809070414080897,0.16826006935827784,0.036180283517531116,-8.46127120924851,0.438784913898484,399956,6,1,4
track_3589,88.58985837465015,0.07626497534923977,0.38590504231039247,0.7391124618437839,0.13983493160314797,0.13006864095695803,-19.102579952537873,0.31710557284817675,204759,11,1,4
track_3590,103.51229076354181,0.7494560709642025,0.06742746679574552,0.29849597718801696,0.009027735072932457,0.03908272413888945,-2.2294089810591444,0.7478386716498975,226047,8,1,4
track_3591,145.41969724840675,0.9437907951473145,0.6757341573956277,0.579080390472041,0.2960672043109138,0.6466039179645421,-6.505445719239772,0.5401206511717023,325536,10,0,4
track_3592,159.0297180206621,0.4207315154016495,0.5263597399888362,0.4202777781589292,0.14186971022470485,0.19518305170857866,-23.67989477298522,0.9085423550439009,152089,10,1,4
track_3593,118.44426433880119,0.5088259045067197,0.7357702760680493,0.5354509337871887,0.5552493023152709,0.2914436579765241,-12.153274965346434,0.2805165370306876,151616,3,0,4
track_3594,93.70215830929544,0.4786602988940951,0.8743800532306494,0.043513619207975016,0.39684041783899715,0.07692851584908413,-20.99100145685789,0.3980742387788039,221747,10,1,4
track_3595,179.78216599915555,0.5602373712387416,0.9610871452200699,0.08717403070200189,0.03675131857802166,0.07939404743815198,-11.924102123248543,0.3709738165245257,299873,0,1,4
track_3596,92.17336556011439,0.8934481018696853,0.2887081361953807,0.4925310755148125,0.3729396316277881,0.09898890216128349,-22.618622625871478,0.680362218484934,314557,2,1,4
track_3597,87.86592256920788,0.6035934421947139,0.8653336719925517,0.4312020685885789,0.25286015207726187,0.022531057641472053,-7.114640751682098,0.4722190577958194,390972,8,1,4
track_3598,51.751708662638194,0.7576736455349901,0.5201235797088437,0.36651910438608815,0.3829191792378347,0.24316175862114953,-6.838273547406553,0.5794093184918477,343650,11,1,4
track_3599,146.88274707734232,0.763046676886263,0.24709223571869293,0.4761933543088615,0.4254894080601894,0.08489212430784461,-16.89380901832326,0.7080132821855463,230791,7,1,3
track_3600,134.04736777113882,0.7286365121682167,0.6757599618831693,0.27026697242450815,0.20025952165365016,0.07705623766173103,-13.034730705304122,0.5720594962392305,138092,1,1,5
track_3601,177.53416608349337,0.6749222286256337,0.4032149304236375,0.6501852969262566,0.7047371311961008,0.02,-21.727712710909287,0.5501881364853373,203325,0,1,4
track_3602,63.31429943345623,0.18335958160152124,0.6148116400000402,0.184203560029256,0.13048523088183764,0.024893438147131745,-17.42045658216215,0.7475365306204468,122940,6,1,4
track_3603,148.74512422437328,0.4958878378418339,0.18870705266378962,0.2319455341409195,0.2761043046148657,0.02,-15.0723081774793,0.22921502295979926,338998,7,0,4
track_3604,107.10406555098382,0.46828804592895484,0.7634787311574367,0.24362668602428866,0.7054263751317793,0.14062119951466928,-23.527588302919273,0.5541575846654068,207781,4,0,4
track_3605,129.18300650400408,0.20129465642469924,0.5064270798820157,0.7356898891122888,0.37908384639923304,0.16667281497814349,-4.326164378396298,0.8696304768483539,385573,2,0,4
track_3606,55.56668576686587,0.6525956655679976,0.507055802695745,0.6760827439512167,0.08118688261131397,0.22420096881418117,-13.308836960113087,0.10597195289829786,362149,8,0,4
track_3607,149.04245467995892,0.5031738799099289,0.43867936814455133,0.643730467520985,0.3014361395847459,0.10205727925243474,-6.661816271188809,0.5983834300428574,389840,7,1,4
track_3608,128.5955025399549,0.2824324236996287,0.546311236502516,0.5608389193807727,0.006856477531756059,0.17772495339554054,-15.222347023623863,0.46211237566853813,325631,10,0,4
track_3609,103.83269895641348,0.4160026521907281,0.3642529953359562,0.3314185661201064,0.25095013469533595,0.12366903840586733,-18.33079708310597,0.8643274831354516,348642,3,1,4
track_3610,124.35338062983364,0.08411054666790288,0.18026432480560578,0.3575899343334353,0.7100571109098519,0.21742238754536342,-13.54440925016788,0.38174192732257956,392158,10,0,5
track_3611,82.03514096873252,0.7443815043861276,0.09758272137416926,0.1562177657584844,0.07750261068949582,0.5227363608752239,-8.431887716316158,0.517691547680951,234834,10,1,4
track_3612,87.61679743254902,0.7046013851811631,0.29225411067823903,0.09294284177251506,0.13778015273893388,0.06453063511282554,-18.19957871437892,0.6916787972210937,149666,10,1,4
track_3613,91.09666159123812,0.34335106823216244,0.30687585725548105,0.39452685171593654,0.30237409315083547,0.09939738550494977,-12.60369242800254,0.12830217095121388,199878,2,0,5
track_3614,49.418164149291655,0.31427246687408134,0.4735635744849006,0.4580838996485102,0.42534737932082467,0.0235061175341725,-17.68494755589604,0.9262944036662701,224961,7,0,4
track_3615,130.852754826101,0.6384228352921701,0.6106352982133106,0.7551445385467753,0.33842302275745384,0.11803282210894595,-26.95865084427696,0.03303566597561187,282911,5,1,4
track_3616,140.747808425477,0.08223343015642283,0.17146414297629745,0.08226434441353055,0.08735987142763037,0.02,-16.313770794945118,0.6580335923501001,302469,9,0,4
track_3617,83.95967550708475,0.46831526254945677,0.6883937711401125,0.38094255781648884,0.06425951784748636,0.054489228024619606,-13.377342581465484,0.7500504041013782,306215,0,1,4
track_3618,115.44609047834456,0.15609661134754468,0.194858816316201,0.16936396147051086,0.10941140304559063,0.2631378677677501,-14.137827597533445,0.5488059600711406,247991,6,0,3
track_3619,97.03378576112291,0.13787216518694206,0.2702078720116427,0.2804126610258198,0.15263957193841346,0.16464339497294608,-15.865121275435753,0.22741343327781546,125909,8,0,4
track_3620,114.84821886243091,0.5159914672838853,0.7889645779118519,0.40758222104936614,0.0039726783746409046,0.31697497116217577,-13.598431039351285,0.608568009505306,262337,8,0,4
track_3621,86.17268276366912,0.7568608520658044,0.33417343428534724,0.4855799142736649,0.06251679693208961,0.24518889312730865,-18.0336399117297,0.5057845365673285,217142,10,1,4
track_3622,78.49724531737093,0.4202064146262149,0.22369129752173525,0.19282658736079367,0.045202652775147956,0.18601160362934993,-11.183232827323419,0.3597284105335629,221159,4,1,4
track_3623,136.56224658071227,0.29181527187276013,0.17181567170820256,0.49149435100527405,0.08827393890185804,0.34457397491120684,-16.845357122519196,0.4168468530106984,230067,11,0,4
track_3624,103.08388244626522,0.16763265278225334,0.5824478238218399,0.4191070229225073,0.36059684744961296,0.06676265569544138,-9.257814995241054,0.25596323729808235,275771,5,1,4
track_3625,165.66326852560428,0.7327723791427512,0.9749565872292119,0.40057202384501545,0.1814633562424619,0.25811057816999006,-22.49777507890081,0.27754912762185663,247447,2,1,4
track_3626,106.3892989438242,0.10111060739567768,0.6470395861511858,0.20607421817304275,0.4583927625525966,0.03930168189164282,-13.665591883632233,0.4559691332781155,353527,6,1,4
track_3627,77.21765878948523,0.7910450524501719,0.31105709976826335,0.22430677159757875,0.03613156412190999,0.19161715806049437,-11.246525891804534,0.3781347736042289,148590,7,1,4
track_3628,141.80822629307818,0.30014756490850464,0.43000124020784036,0.3959419650267257,0.3982695428463342,0.163895815905786,-6.704280507965725,0.44153917811817683,259263,3,1,4
track_3629,123.9240049243806,0.5838660832043547,0.8140496580413122,0.3262955837093412,0.3263368079508739,0.08118880666169201,-17.402078147267343,0.5569188955007293,394164,9,0,4
track_3630,126.80618591089271,0.4438193276438265,0.2634639539365067,0.3439243835215162,0.13448926340134515,0.2364811925211082,-7.181179827792722,0.5253489699151919,153437,3,0,4
track_3631,140.71802036603756,0.7410732297534514,0.578625984897277,0.3674138090956152,0.5716429332172538,0.12102097383663274,-11.588626625354724,0.5688171786544879,402977,4,0,5
track_3632,85.41611118462616,0.5660717714469443,0.6150373917706617,0.2792140942604032,0.0201388021318864,0.03274048827524831,-3.847436530215232,0.12411082456969236,244726,7,1,4
track_3633,101.18240073044137,0.5034160636075183,0.20002943787130503,0.45962577262576493,0.17862918384867255,0.02,-23.040921536163147,0.4824834448550051,376919,5,1,4
track_3634,99.8565050553662,0.5281656521932566,0.1552713593321534,0.3607001414796362,0.19438608674890234,0.20693627917861135,-12.80861294395999,0.830137777921471,370067,1,1,4
track_3635,66.27760389253146,0.14399362144501668,0.6956590267491929,0.3956825772163602,0.18360252532575436,0.042047673806250636,-14.450390271913081,0.4936603532442505,371298,3,1,4
track_3636,97.0922954952527,0.7841503841309587,0.519126959022976,0.26560612700064734,0.10620427743133043,0.0693379670774635,-13.258788190569222,0.1860972965958059,313403,4,0,4
track_3637,145.09138373630472,0.4993052675472556,0.5100476953063282,0.22644110139394438,0.4188500296232013,0.3382905632562003,-9.008599132191861,0.38747769476096144,158479,7,1,4
track_3638,112.12014311381542,0.8602325037669917,0.49989295356579144,0.6270389631449325,0.3855067363809095,0.06263424963051814,-5.87728820817115,0.7216670191237634,288715,0,1,4
track_3639,64.61816016465036,0.15461209738227427,0.5551682031903592,0.668750095899349,0.03374047952475571,0.3772975785274791,-12.267340542340424,0.286829661187627,361775,0,0,4
track_3640,58.32481765005195,0.16191722471678452,0.3542904556085428,0.21967578144341054,0.051606441997842895,0.06734532998456574,-23.877426461348655,0.6521119579347611,353553,4,1,4
track_3641,154.94328176244815,0.10307514243526578,0.3633315867847939,0.29322058735765943,0.07260314759110831,0.06467741510130987,-16.515769386975386,0.5474165258884255,226620,9,1,4
track_3642,102.2904296923461,0.7183560038668668,0.6069338200212779,0.6541179329648787,0.463534385625037,0.06965140463185414,0.0,0.6935199590331518,416349,0,0,4
track_3643,85.57769382895148,0.8660546891067938,0.7140552212508524,0.42476666550662584,0.15580571665566464,0.20476792022435872,-19.97104496286468,0.9071415543409976,167634,11,1,3
track_3644,96.78024705308991,0.6323956322502412,0.06980271892570065,0.6496702406714507,0.001327224089633203,0.1136773222697567,-13.166923818997255,0.31533627773839695,135814,6,1,4
track_3645,60.68076737048004,0.5955709886451399,0.18944114125402556,0.31098313538475103,0.24319529443428353,0.3559230381681526,-9.877170476413294,0.7612556958854312,320653,10,0,4
track_3646,147.6928544853486,0.22476164100671964,0.6306627602834354,0.622676203816251,0.1797402315959811,0.21417254818606465,-8.264631126062701,0.46466094859318335,164409,5,1,4
track_3647,93.2084118724191,0.5835892590591336,0.46900443370717815,0.29364001025209574,0.1997632870673214,0.04886063521093865,-17.870511762301675,0.19260306150044743,357456,10,0,4
track_3648,146.02204583215266,0.3573453462836097,0.21913147425509627,0.4905669369713225,0.841511268839774,0.44314503397449506,-5.587773344307596,0.5756900021355584,399146,8,0,4
track_3649,106.54955143341945,0.561985707250609,0.8157612673941923,0.4553019186125698,0.2558160579492459,0.31130753606779815,-6.921713352391485,0.43732272087689583,194912,11,1,4
track_3650,147.88595923705319,0.28502051783829774,0.10373565221452627,0.6820020561188078,0.1661147905068385,0.02750239262674219,-11.620808065161278,0.4164532033422252,321864,0,1,4
track_3651,112.70083497129257,0.2120818960245018,0.919100741215699,0.7290846139445303,0.35448728371209354,0.39690353612372886,-19.745926047631734,0.26482899134517673,176388,3,1,4
track_3652,130.5969798860723,0.3465715375527916,0.05388103791535385,0.3922357384692821,0.07380191739733627,0.17789052852364562,-17.61874468381328,0.3401712578327063,221615,5,1,4
track_3653,126.57279138265011,0.45642058716921746,0.3378407293716217,0.16640972880531565,0.16825199319042503,0.3822694349554317,-18.244273932903702,0.3962493388350644,156092,5,0,4
track_3654,123.69873198755911,0.915007639816985,0.38024538939079405,0.7821467270647309,0.13596812526202776,0.211241785612569,-15.730410562092183,0.34547504393279477,355202,11,1,4
track_3655,115.43803431548132,0.05664615412914645,0.7761489607864325,0.10938384148659541,0.08719093412814238,0.19728531090692336,-6.019070101041811,0.885106087034281,344750,4,1,4
track_3656,98.01447851653245,0.35494674331790727,0.3584312129322591,0.44816373397098075,0.2094427204468644,0.32849820365406496,-12.526157885936133,0.4395015335873057,198807,5,0,4
track_3657,162.4630407471858,0.7742916981710042,0.06491579912993731,0.3116226224412807,0.8482073819374834,0.22737840876603993,-10.558447030934792,0.44475818530926303,273861,6,1,4
track_3658,77.79189044712298,0.2737445064112599,0.6925769274217182,0.4149923629159931,0.3583967695000932,0.5696814571947775,-13.343474839811744,0.15916173781757909,227959,11,0,4
track_3659,105.12922927029479,0.732145789861276,0.5614886458013936,0.23425042491922618,0.14466348673993834,0.07946655354348335,-5.1418416830835145,0.6225769934651184,345246,10,0,4
track_3660,105.44657625622786,0.8351920658394056,0.583407836781791,0.43213043276386803,0.23571694336360313,0.46321497796206784,-23.6696017235964,0.11446753076173662,405932,6,1,4
track_3661,117.07322260030564,0.38453761446894624,0.3293610922431073,0.47484131077349334,0.5428130673278128,0.02,-36.94367689844689,0.5966499398757142,226616,5,0,4
track_3662,92.11582062316496,0.7743297679888026,0.3167256149967944,0.5173668196648489,0.24042525458396646,0.08893980376629884,-14.594397049124629,0.7620469300246725,350487,10,1,4
track_3663,114.44238916768764,0.49910762661096625,0.6609554401571021,0.6042999785541636,0.27988977871408194,0.40685101364876924,-14.444311186629117,0.6463721141485698,255973,6,0,4
track_3664,99.93472244391101,0.4571604711009785,0.6020370128532709,0.2524075232174104,0.062323522601372534,0.02,-14.621478448535283,0.36780885133773655,156220,0,1,4
track_3665,57.54142447686302,0.3880477784943037,0.6331241368651592,0.8567013085848741,0.005816949966247986,0.4896084968080337,-18.50511048278396,0.293716718182858,130384,10,1,4
track_3666,105.28656858770539,0.7004853691501647,0.1454887289129124,0.5442048572457764,0.07815512089442808,0.02,-22.197413628347107,0.43504683419515855,228752,2,0,4
track_3667,71.98304000909545,0.6679662076939656,0.4379425381191217,0.25263739593622897,0.0724438953900579,0.037912595355997836,-15.009208350446952,0.7919432392833573,292824,6,0,4
track_3668,52.96842712653297,0.6854250928999043,0.5765179841806467,0.5636780485524542,0.011936158898119833,0.04537278212002009,-16.57601255685601,0.35461609048185394,161846,4,1,5
track_3669,109.10619962068155,0.6560616288826008,0.5590153256446443,0.06252960278145417,0.10625609044727889,0.5076504270359645,-12.956644076890052,0.46067238439356817,322843,0,1,4
track_3670,119.636500260587,0.6127139724652906,0.796336565785082,0.43061307795903114,0.19742684419390855,0.2567383475278071,-10.219763676319072,0.45739681202513127,246042,0,0,4
track_3671,120.80094126313729,0.8510022897510876,0.1746007617575267,0.731894108241172,0.23320064800428397,0.20962987764135024,-7.327262588718978,0.04225674522271929,399626,9,0,4
track_3672,122.01512121059082,0.29978461000317635,0.780146022344851,0.10961923037141107,0.02681854958813446,0.7472328398005741,-9.413615976406764,0.8519046626380871,135871,0,0,4
track_3673,47.02232937178169,0.2567131118156261,0.8677619664781285,0.4048032070242224,0.09567318960444261,0.3395066519803558,-14.489667378952701,0.4457446139345426,406332,5,1,4
track_3674,64.16949216277592,0.3575926233003874,0.6346674130084087,0.5615466765359017,0.08063197911243732,0.02,-11.611320107211633,0.5887028475580038,268060,2,0,4
track_3675,164.20564310441011,0.6007252090954884,0.4883130156458613,0.14556749455872092,0.43462595493184325,0.1688531831490708,-21.3740544098613,0.42296988842433403,197427,8,1,4
track_3676,73.58373719768892,0.44644178612192076,0.6058905288656461,0.22387906559870377,0.4856761413068263,0.2130718198988053,-19.362346970955976,0.4453097124827822,249853,1,1,4
track_3677,123.32523093410067,0.4052818096686312,0.6059710841046237,0.27526975544153953,0.13161296558781002,0.046307595729804724,-4.078453868733922,0.4831374896913441,282600,9,0,4
track_3678,84.39187135002462,0.4896867854908193,0.5499834760919975,0.10847730616337314,0.42918083525983536,0.2500868812755381,-8.064428531890087,0.5081471922425689,200673,7,0,4
track_3679,107.39018217802693,0.7225950336014632,0.7911694339231633,0.5525920490614832,0.2671839898473897,0.032173302095679146,-23.092972324896074,0.273641426706036,306833,3,0,3
track_3680,86.00237393179218,0.4448397749104495,0.3970643273693309,0.2378698159339449,0.46503550189310155,0.38791911828964376,-18.49552761621898,0.18318136033824592,174319,7,0,4
track_3681,121.84623463858935,0.40710150919629595,0.6940328754119057,0.40350221496197997,0.3795379701373261,0.08602772037764168,-3.196505758311284,0.6766839038438706,186673,10,1,4
track_3682,109.10322351950097,0.4005072803583864,0.7441817587592742,0.09225182157741578,0.20383266575143225,0.10712388206088638,-18.91495963561325,0.2872075298735867,415181,2,0,4
track_3683,91.551306790673,0.09557780838441811,0.3052043252333398,0.4582860779489275,0.02164730320885858,0.09046979354215477,-25.37761020081279,0.4599234556133638,175460,8,1,4
track_3684,73.49483640957868,0.39415193075540683,0.7212725332788105,0.14686554221642556,0.1541596610536935,0.07289993562779945,-17.35824473912056,0.417744956716611,322039,10,0,4
track_3685,113.03322592477534,0.7136035093460289,0.45828555158476714,0.8272551126749674,0.2513675714655856,0.07684518134393756,-17.201955113610584,0.7748481866227095,178802,2,1,5
track_3686,68.6184360287223,0.10312966982157022,0.5003729173588719,0.23221420497843617,0.13114480664169115,0.16896742726958994,-7.382008070530025,0.4059368024940853,273406,4,0,5
track_3687,117.82443126362516,0.33225855491033035,0.33253736657527944,0.5506611013208264,0.2470987934018904,0.02,-9.042837477340829,0.24115329199811833,288353,0,0,4
track_3688,183.794547271107,0.9091529291731204,0.43383343427147136,0.34807412462714993,0.0923005267655752,0.31753422407493503,-17.006442514000486,0.6148311194300258,329964,0,1,4
track_3689,145.50510153786036,0.4926843505618645,0.30216615344540254,0.5581516164440318,0.30715047676715235,0.20964094450913398,-14.473321744633887,0.8487104172988225,414723,2,0,4
track_3690,126.55043660682489,0.7013175612610809,0.9017913467557688,0.6400759013980042,0.028034701855573687,0.10550856777099732,-12.307378340703304,0.30422078597631713,181771,11,0,4
track_3691,102.43178106776557,0.11588177501008291,0.01673762033401067,0.12720567331488142,0.013959954244494291,0.15846141320234836,-9.693319400780913,0.1857649294048294,175876,7,0,4
track_3692,46.837421189894236,0.7207377116489746,0.5358794408783534,0.19194670901545674,0.1569385034298878,0.02,-16.26191681667384,0.48924166634703936,149169,5,0,4
track_3693,65.33140812299447,0.16404079759066606,0.49730267335594464,0.2392377406545007,0.1663971707584359,0.06914161506543406,-12.262462216330185,0.24600237883875506,374849,1,0,4
track_3694,143.4837856830814,0.8083611683239986,0.9432026033695383,0.2720992543261696,0.21159298885119762,0.22433134672700447,-5.430808550729484,0.1575057625144252,369132,8,1,4
track_3695,81.30731759625661,0.482639153360173,0.6269762843121792,0.4091464947016796,0.03730346652337053,0.16477715130535195,-14.880774492375012,0.10897116790801065,122962,5,0,4
track_3696,84.0224370550786,0.7651656729150772,0.14491265141137774,0.43806269750583876,0.22356858619189265,0.3698663884860232,-13.16705037813966,0.4982166509860829,261213,3,1,4
track_3697,100.03048572947935,0.26886759640011804,0.721181001578022,0.5649402337429872,0.27475030645033593,0.05834588098649325,-10.34425356990846,0.38090155404062703,334148,2,0,3
track_3698,73.13861223460336,0.5793768200452396,0.3878509624400005,0.718233656264582,0.2851416518989858,0.23564182840613418,-17.426355697179446,0.5613733692550731,166890,6,1,4
track_3699,68.19693796345092,0.6608834469663467,0.19794431000138818,0.37227131604252955,0.24878832819370406,0.30510838938157914,-19.30682729409427,0.4863592651215648,255771,0,0,4
track_3700,103.48577781655734,0.42210653225155803,0.6684058528250446,0.03729971716306733,0.08125802161274738,0.13390178083197615,-11.63513290760077,0.32820401189546666,313684,8,1,4
track_3701,78.25411635983892,0.7390865964533383,0.2968849235149411,0.3387130599319302,0.2254814325823201,0.21112344127596916,-10.508618992082077,0.8160131332049743,124862,4,1,4
track_3702,82.76944260663316,0.24331595752283872,0.26577422914446736,0.6185821377474179,0.3720524615047859,0.02,-14.489571052231588,0.5905034849579649,383254,1,0,4
track_3703,81.56426921558982,0.456685509979391,0.24886595373234144,0.1606481793329253,0.2568628119737957,0.05937053265507525,-17.819476911749266,0.6626401729731596,398452,2,1,4
track_3704,120.67080641503406,0.31200366443252553,0.9018681588073804,0.3485838488023865,0.10203670205229061,0.3776068316159906,-16.79349699674161,0.6351922457864475,124444,0,1,3
track_3705,98.03622928513929,0.36602558191122503,0.4078116784896058,0.26898266585123287,0.3221104094578254,0.045868135712829966,-12.437673407149619,0.2306220617328528,134372,5,1,4
track_3706,99.64284096318438,0.43156499288729055,0.7190032242315915,0.44914781782579805,0.12647117176135866,0.1701961884557835,-21.059365290663134,0.46178376203938143,124937,5,1,5
track_3707,122.9083769192665,0.6990343493159166,0.07167318634603059,0.5884813294287873,0.108610679066173,0.14726688526283696,-7.71929764000269,0.3615152671642219,214052,6,1,4
track_3708,100.73881175301179,0.5278233608384607,0.7183374874671131,0.44594319972502755,0.009714400384401667,0.09374495928331095,-4.609890726841355,0.5577800293297226,262113,11,0,4
track_3709,96.65238694628482,0.4069960541894831,0.8800034700575262,0.7158801351006346,0.09876038640482464,0.02,-23.00467560088438,0.5266164313672231,129109,4,1,4
track_3710,119.11351066710512,0.6586773462763668,0.659946941927804,0.25702742876920576,0.43928740574697145,0.14720575714631237,-10.664504855152543,0.5938959953699163,291757,11,0,3
track_3711,125.04593530672892,0.8305880122175312,0.3080202518750018,0.5335070226671311,0.03931269619587905,0.06051717021981131,-9.24119418030964,0.3885624461781756,407704,4,1,3
track_3712,100.58779501474187,0.47820413506417514,0.8270769487916068,0.10638199507277311,0.24168902855409272,0.03565198895563577,-8.76204600632238,0.691092521145052,369028,0,0,4
track_3713,107.41823326861565,0.18801896391717204,0.24054022678396367,0.29086688285696943,0.31702114994674335,0.02,-23.913038983955357,0.4932020198682757,315539,4,1,4
track_3714,81.54629310800016,0.33812035313050265,0.304577921153643,0.062202543600464434,0.1715557028207175,0.17116724238452208,-15.943301402532072,0.23203676657010816,317983,1,0,4
track_3715,79.17950870506424,0.7466022616435773,0.19579245679150242,0.28739211836033635,0.22459320489324217,0.02,-17.410749628040875,0.34455140183499894,158215,1,0,4
track_3716,128.07442505900423,0.08675404784759438,0.49085673667806723,0.11804575004592498,0.12597030748169682,0.24585042563783102,-15.461842792899672,0.6341214405583853,135723,7,1,4
track_3717,118.34826187633865,0.2624294503338574,0.351433431725131,0.8141214001290423,0.5793229974878312,0.02,-21.40868301423142,0.23839776630186443,329518,7,1,4
track_3718,118.65895315249728,0.6861197485072461,0.5149681861581491,0.48702593402930144,0.005412021662865095,0.13703141274547748,-3.6472272001610424,0.4047716990845996,228532,7,1,4
track_3719,113.42563046176566,0.8219646276175264,0.6039827627682245,0.4388884325427102,0.3386569606199761,0.02,-11.38216256971721,0.6254360355667965,414142,2,1,4
track_3720,106.38609827444861,0.4109746117350478,0.30113916010042135,0.14150326869791466,0.1775278196936368,0.06119198778563959,-20.099365045242358,0.06265920080209371,322491,0,0,4
track_3721,125.89235672468308,0.6913314951027912,0.7800938328843001,0.5907218640201337,0.5041811217604336,0.22251852759531868,-17.30828376966054,0.5592603284602229,275826,4,1,4
track_3722,133.0532628306835,0.520747895305702,0.5687846447821537,0.41703125233642335,0.0184515573591394,0.07800488147582874,-5.590130733809934,0.27410386180473195,273970,4,1,4
track_3723,132.33684015571941,0.39376343943572206,0.3661129235229032,0.6882501845189531,0.2681827641003237,0.13519237875964837,-14.602165508298985,0.9299341146633222,197945,8,1,4
track_3724,101.9766625216204,0.7763226584533106,0.5237281436114753,0.4178016950047085,0.09778485935941718,0.05495885457508592,-6.326172758865418,0.20114980343145633,372871,5,1,4
track_3725,146.60978189726515,0.25134246606810134,0.6795278666537813,0.2919302317570822,0.00878601752548665,0.09196934993958315,-9.945517746662292,0.7690877656225716,294795,7,1,3
track_3726,111.85382045196964,0.538813578136877,0.3935639371103879,0.46928085374419265,0.0695986973241542,0.07868108441048063,-22.144959387580933,0.24119932183250226,219081,5,1,4
track_3727,123.97128577697396,0.8268924158568732,0.7855309570925306,0.19271290269526944,0.05422851172027383,0.34800467164451204,-19.93660392247824,0.44534881717906216,304813,11,1,4
track_3728,113.4626367250464,0.6515724616640015,0.6469527410566261,0.3523066172737437,0.07080140637462379,0.10474971099257739,-21.03957283140925,0.7156522742840332,357175,2,1,4
track_3729,112.41020122452522,0.7853013814126923,0.9626912224301728,0.5520269798315496,0.30782757621943624,0.02,-11.20141641435593,0.759660223838792,265587,8,1,4
track_3730,82.92744029249042,0.44190422349980524,0.7346023820925032,0.45547742560613874,0.026822748380073192,0.14558454805690935,-2.5615870784808603,0.5934734637882075,216395,5,1,4
track_3731,126.04052515034478,0.841177716894829,0.17935288811377853,0.3533929565687785,0.1828997241954062,0.3356325003302992,-12.961217842219533,0.18629264890930064,386087,2,0,4
track_3732,190.35883184722917,0.8210889916904964,0.6116958494789879,0.3101643940184556,0.5450676931332639,0.2149742683630756,-14.644286497646181,0.35894181340731734,142596,2,0,4
track_3733,93.75614775629751,0.9011453752647391,0.20680371644442927,0.3081208850180953,0.11304734537490412,0.41190897872990606,-10.778315524779138,0.23796461796143598,293969,0,1,4
track_3734,107.12984146274844,0.7304118885355237,0.47577061219399036,0.5482522475316907,0.10035869159441237,0.35954997799043503,-14.453172655369068,0.2560309018579998,327643,10,0,4
track_3735,91.61384206958213,0.27481615002006476,0.4928326133181431,0.2796660192389208,0.353045514116684,0.3087095817718787,-16.023151215238347,0.2286249794724619,327240,0,0,4
track_3736,90.35940295314197,0.6883404290665048,0.369784170022137,0.19012844779602375,0.5689561417376697,0.05272740083090426,-12.841063256430154,0.9067549939280555,312366,0,0,4
track_3737,151.3334843435602,0.3235500220128242,0.33017461939814724,0.3374136263106618,0.4797770995902292,0.02,-9.443640637997945,0.6361735896505436,331439,0,1,4
track_3738,84.81086946817607,0.29126070650929414,0.3866060526403725,0.2596109885726365,0.07042286366207073,0.12697506011758958,-17.05627961994459,0.5230876733430253,335119,11,0,4
track_3739,90.77758579900916,0.7728673056369804,0.49265844431436623,0.4931026103404561,0.03155978355660957,0.30251614845284286,-19.99449151388881,0.6657320948728943,252032,9,1,4
track_3740,57.375215288060964,0.4778158131061112,0.9707646064814262,0.7605224266937608,0.22168157924373397,0.27919313439083726,-8.314716405970575,0.04485155948319145,321466,10,0,3
track_3741,82.27164826373257,0.3289421345835932,0.492068840403795,0.26196440472249444,0.2424660881195144,0.09836219680839157,-27.31410406965139,0.4038211854270429,232247,6,0,4
track_3742,53.74800321139957,0.14785608947962986,0.6104862995304543,0.44119299174983523,0.010063454542232597,0.02,-21.940443941045043,0.5354602167376745,233365,2,0,4
track_3743,123.95414097635786,0.5611240370109353,0.08660818602725692,0.6776852405580194,0.15747273294464248,0.03744742134993135,-13.945332274162324,0.6669757432049165,332394,5,1,4
track_3744,188.9909166551193,0.798878295271718,0.2168575247089963,0.3078298492920529,0.1453283352188236,0.4479948532438769,-8.672996850204012,0.18513331144992115,376360,2,1,4
track_3745,93.99963619048434,0.08071264827081853,0.601551446818691,0.5515536948204635,0.3662492812053663,0.11979547926269249,-12.787530716525119,0.5344252539433967,164401,7,0,4
track_3746,54.99726201029288,0.2132380165041836,0.4259995017106563,0.5272715589138184,0.09834025447555507,0.11192767594710289,-17.439169239627226,0.6374940486461883,230287,9,1,4
track_3747,131.999989932892,0.4330838387414045,0.44410449190033957,0.3940070081540835,0.6833638365011426,0.11637382606889485,-9.156160302685578,0.275022426777727,289704,2,0,4
track_3748,83.19225123209529,0.5943783156429712,0.2051452548656125,0.5691068479164044,0.040255984461779235,0.05474571062663212,-18.71271105883987,0.34848901852625375,236796,6,1,4
track_3749,143.98040791660623,0.5065145684951222,0.2658524497941509,0.8415400015412349,0.20499326066815382,0.06870222406678253,-10.010771826352258,0.6959129434480364,235132,2,0,4
track_3750,96.53912856630166,0.3024964331099824,0.45067317715492217,0.3307997688807628,0.20616125821644415,0.17345380393153303,-16.712563919470156,0.46139381591063156,136244,8,1,3
track_3751,86.04552932751658,0.2593896400810871,0.7409995061652642,0.4335997243071165,0.5229771024054671,0.0683305053777169,-21.153935782355937,0.5454361052989624,243405,11,1,4
track_3752,99.6612733276294,0.4612956228789914,0.40174391777578783,0.24662658013270633,0.43518245246808457,0.186109492633825,-9.733230187748878,0.33964892133255786,383061,8,0,4
track_3753,127.73330282808561,0.6613253476518858,0.3992839979278656,0.029846507172668093,0.22210927035579445,0.24635146943569503,-4.532241916244615,0.43569403775932214,373350,1,1,4
track_3754,98.17738107733031,0.7325155525308894,0.7359735652633282,0.5177797201430397,0.29618730612214605,0.14515462037998456,-16.40233926309391,0.4599680365085743,360402,5,1,4
track_3755,90.09825891618884,0.8112578818753182,0.2469124008514221,0.37513027839342084,0.25225025499865045,0.02,-8.037744888945896,0.6115381149441024,178486,1,1,4
track_3756,99.03505191063384,0.7682025563427856,0.2664053107268644,0.12889631071753133,0.12465451003793547,0.1913843681781021,-25.89784810779787,0.495742202358873,123272,9,0,4
track_3757,66.84434446497346,0.8572544011288681,0.2131763523821318,0.7781327816263035,0.39470424562805556,0.036191645007241695,-22.218731056508187,0.7502086858496071,223629,10,0,4
track_3758,116.91094806881941,0.4024142640376016,0.521914088282441,0.624101299885257,0.0963396780576831,0.4624064327674689,-19.93259737050022,0.5744186037971232,196197,4,0,3
track_3759,51.398202184652696,0.4628913714573836,0.7303298235727992,0.17685393164172386,0.4086885425309132,0.12413898626571773,-15.066773782498668,0.7058413943397898,295585,11,1,3
track_3760,91.67635636903454,0.6486157757092033,0.3364258916247241,0.5728457577770504,0.16798094886063017,0.07739540372276625,-11.224359868208323,0.6550891919107152,327560,5,1,4
track_3761,127.7815562649223,0.4663470489710765,0.5123212674302505,0.4763150531135767,0.0768003185083018,0.1354211567684451,-21.444774028240136,0.5273343651557795,210326,0,0,4
track_3762,114.09144848798151,0.7278596072077483,0.8973992581896837,0.5131479850355958,0.39365747748642993,0.09518443859678435,-19.73699932400427,0.22205290237424,188842,9,0,4
track_3763,122.70961718959171,0.780176530289413,0.5227821218295965,0.2997966947124912,0.17552853089112005,0.44723928141698677,-9.271596430542335,0.38524155198893545,396920,9,0,4
track_3764,103.04862981843573,0.790077285191165,0.7371757767543021,0.3293592679336358,0.37198433733690156,0.028458137417054132,-19.256041546140413,0.259854696628237,148795,0,0,3
track_3765,140.0923854295655,0.5425687901489061,0.4110916669656753,0.20547279863422557,0.119033781637223,0.13430320143112792,-5.895493241062024,0.8301101505523911,274952,5,0,4
track_3766,132.74097590309376,0.8487245100868384,0.14293677847203856,0.10903674788628068,0.16208516194225572,0.06863572480607313,-18.573161605739195,0.9006738996053297,303909,6,0,4
track_3767,118.38423012743024,0.5330625375779212,0.5148428572367201,0.2337067076900007,0.20440869682498394,0.22092222008664805,-7.240476227023571,0.1445611029240715,242782,2,1,4
track_3768,132.8263733194063,0.12878901772280266,0.36693376388597226,0.6155200091167659,0.4254848583375128,0.22988723800746977,-9.32859633180133,0.28433051019967814,222506,0,1,4
track_3769,127.5127066321073,0.6763063666171261,0.7018378381446585,0.3221750286228016,0.2518416397128725,0.047074793965500475,-13.718311994459082,0.5287276431854617,315231,0,1,5
track_3770,91.8160945995933,0.8495645575556118,0.7183435384281025,0.6615805643704318,0.24881671123035648,0.02,-12.89427302048988,0.8275086858420858,275639,10,0,4
track_3771,64.68303264925999,0.26390600718161195,0.6013341823185551,0.44071715532280975,0.0062677521214380815,0.14150539681764748,-13.441322848316403,0.45897448106330174,284959,3,0,4
track_3772,117.61086377527872,0.19895694835132385,0.3692899941907821,0.22474409164608888,0.3380365019116655,0.3521051435271673,-7.417926744994661,0.45804778887643216,187746,0,0,4
track_3773,121.38267692494286,0.5232382199038597,0.09574474518019159,0.45263367248236375,0.1600021741699185,0.1999736106346853,-27.29130039714114,0.4412615721822869,187143,9,1,4
track_3774,137.71415973415696,0.5295045455094297,0.3116389389796015,0.3738474446985453,0.0464311793590203,0.038491530547775064,-16.236945182486057,0.5108017460958058,298376,7,1,4
track_3775,76.9103617486412,0.3975960357456404,0.2760337734800148,0.2563245385052992,0.321016693620078,0.14477806042555727,-13.065366960771211,0.40142254328978283,205788,10,1,5
track_3776,77.8070682216851,0.45037466973155704,0.3800056509029234,0.39803012708804886,0.20717022791336437,0.1046817281834817,-6.961161375370795,0.501375121472748,171276,11,0,4
track_3777,118.79700798923311,0.5197017064497522,0.09333814236399254,0.3971103020805938,0.010538972953415169,0.2761610283501754,-17.631713840859355,0.5782370713279262,396462,8,0,3
track_3778,102.8649903344074,0.19349741038888743,0.3109998790182039,0.17068271405376126,0.09857086112552571,0.1306899706547812,-26.726997546057483,0.6891490986171096,206186,10,1,3
track_3779,48.42715168286615,0.30951470967590333,0.35216149158072746,0.5565919386437371,0.3419802077481484,0.024464836999107183,-29.303695532864765,0.24881903212695158,266460,2,0,4
track_3780,116.25324491262572,0.08407534897592867,0.28910892886677797,0.698808709794991,0.5893440896220062,0.28239255559580195,-13.767208209515278,0.7697517004163663,266415,4,1,4
track_3781,49.427312550331365,0.7083869801083975,0.4883770270084642,0.2009313328308512,0.2712144238454953,0.02,-22.082306812595043,0.5396729824719586,224759,4,1,4
track_3782,76.64230344379871,0.3590704325038053,0.6828351757701313,0.6356340903230193,0.37128568278429264,0.18957304354011129,-15.603185429131356,0.5502375460993129,283727,6,1,4
track_3783,145.5504411858032,0.79552065057602,0.49569695850645606,0.24654917691486747,0.13683188812904154,0.39806326896305094,-21.86121513493888,0.457133042888952,404827,1,1,4
track_3784,159.74637053421344,0.7123851940293251,0.36971500167508464,0.3301821828407348,0.2747178454757902,0.25305955037894934,-16.355680396494744,0.5670098837110209,306544,8,1,4
track_3785,68.53030894584114,0.6901613140431316,0.579251825135631,0.3695605404841444,0.10004448680244649,0.14574234784090542,-2.472747214411731,0.9523394876267743,304895,0,1,3
track_3786,95.11825387761917,0.6808633712148032,0.5683322889518835,0.21506425268817353,0.031605943697723696,0.13042202612934845,-6.576830655766765,0.8635758579904622,269865,1,1,4
track_3787,106.27867569236118,0.2793300993026141,0.11211252502673355,0.5049718125084433,0.5821906467670893,0.10316914094245294,-14.296125531613061,0.5289297607408462,327588,2,1,4
track_3788,158.43680782744704,0.6399014041956101,0.38627675770363334,0.821275484348679,0.11144431886338826,0.25997853828016626,-15.855993753571248,0.6602748098822825,120888,3,0,4
track_3789,90.21393156526796,0.5982119407449847,0.20811717748445774,0.24450966418272227,0.1559613058125016,0.3671418755526071,-19.55186004701664,0.8201509001491278,202871,5,0,4
track_3790,90.69347930900166,0.14105805790539094,0.19652053145698925,0.29194524669082034,0.022098864754254714,0.06542937105068107,-10.847719400447701,0.9610935828357213,123049,10,0,4
track_3791,151.46176675388585,0.3776761373848452,0.242843859238601,0.41044444818415066,0.31190768073404973,0.10695224570910637,-16.350079274420754,0.27076849088719146,180225,4,1,5
track_3792,93.75632541845226,0.18250423942792268,0.8001179951917528,0.3234114461335811,0.6593912096952409,0.1120008376559931,-6.118480253297443,0.3358595343755055,167171,8,0,4
track_3793,126.66605126899373,0.7521581774129247,0.8389822666242803,0.28458008716714883,0.2539354505439986,0.02,-13.508584994032011,0.7246820024910171,257085,3,1,4
track_3794,60.685711046627176,0.4697340390239253,0.3757447113474999,0.35739638158527215,0.5678279845207493,0.6124023767341398,-13.259231775534372,0.6465408765435018,405463,3,0,4
track_3795,99.86301767723022,0.43987771712372115,0.3802279419433511,0.5685529472522329,0.284199350061253,0.10018843806300173,-24.239330415624732,0.5425832696300497,244415,4,1,3
track_3796,55.21209485020786,0.877800184906922,0.802188835037769,0.28140562932273955,0.15748241014738532,0.11772686492535699,-17.64131524544467,0.6942269955017867,355360,4,1,4
track_3797,73.33698657132886,0.3937831293317277,0.7881135661746455,0.2961279152900272,0.14507761124862392,0.054303547949580824,-3.010655725050091,0.7421364196467327,356512,4,1,4
track_3798,130.17604065456788,0.6380548006234952,0.43029283558448805,0.5560933827304207,0.06658663231046301,0.10119889274724728,-23.453492121685112,0.42390237513280343,269657,7,0,4
track_3799,103.50283826739862,0.6772876870682843,0.4769546518939016,0.06655893554731715,0.42623797208662584,0.26538849082783034,-15.725068396045558,0.5086546327206889,187066,11,0,4
track_3800,95.42682778341076,0.3657628483451479,0.7431049353112132,0.18877347463123043,0.1716624544974937,0.07093486278904862,-15.592049058940786,0.6298439808420974,211678,9,1,3
track_3801,82.53751128057247,0.7275078345616091,0.7842132320248694,0.13633576952299684,0.3858780958489433,0.33346510927892414,-12.701238885489794,0.274392733675518,300441,5,1,4
track_3802,98.38031780276151,0.6514678727076175,0.6851011229167642,0.24274498412572146,0.08018273346273366,0.17943827473638255,-11.916078987893616,0.3300733183490236,130190,6,0,4
track_3803,114.03339501302081,0.6469745347226666,0.24020749589368204,0.6433186440193943,0.46518272695279395,0.24643226280803435,-17.52657833775634,0.3274745688998954,256609,4,0,4
track_3804,134.48748619385285,0.4731046888057977,0.8316871389282042,0.543378435945456,0.11699352060355941,0.35575443793130523,-9.068960770840334,0.5541428377026133,268774,7,0,3
track_3805,40.0,0.2546568058355685,0.15475001062583557,0.47230536039532356,0.23043386049550538,0.541537094592363,-18.023898627068544,0.4584770461085736,340051,0,0,4
track_3806,80.0471647721157,0.6374765479631564,0.7327023528296994,0.5359197811029909,0.22866552898271886,0.028648842697715126,-10.839856913107196,0.40658071454096056,380919,1,1,4
track_3807,109.77288726567018,0.3527679246912717,0.413105738965888,0.08839306956976932,0.25136367320679553,0.32157076430964865,-23.6143155759377,0.6792641142198835,402463,11,0,4
track_3808,102.03410652113142,0.9171710716669847,0.22763219853336247,0.7035332864184041,0.17669248988600822,0.02760685045615022,-18.937774860935114,0.923300435375662,326270,7,0,5
track_3809,117.10128727580175,0.37916340944578775,0.455279374536904,0.6788733183734034,0.03527485495171438,0.12715898814573695,-23.429680144879814,0.6893206168785629,171211,1,0,4
track_3810,113.02620858379662,0.6043382244404224,0.5636618091611346,0.2607281667545576,0.4257299886326327,0.08200690087785716,-12.723082372925601,0.5346661387583446,272632,4,1,4
track_3811,95.85396411019778,0.7083245769943973,0.3963176537534702,0.6613227445632633,0.22551568089864063,0.02,-12.475374033318333,0.5077545493253156,375095,1,0,4
track_3812,89.19440412038469,0.5253506653930902,0.8207430886646541,0.13899823704846392,0.24582794376292597,0.45204890468703657,-16.766962206222114,0.777049157995538,184021,3,0,4
track_3813,97.63495530793497,0.42554248508437,0.9495962550270539,0.5760316017861237,0.2794229622748115,0.06688274184580455,-12.752306415356104,0.5269520843837866,360661,10,1,4
track_3814,139.4622704946823,0.7139573243844699,0.5554722480083258,0.36286530929526917,0.2232325648156142,0.18296132956267716,-21.46882823429907,0.4447881113844005,127490,5,1,4
track_3815,83.03976201282856,0.41595962876636466,0.2683532204878516,0.6415023436759054,0.2678629940854241,0.20583096082778193,-6.939608150803922,0.5834352830804047,322440,5,1,4
track_3816,103.11579830568134,0.7154247072821789,0.3807861175345802,0.46475318072628163,0.18201651095470048,0.40280156539240264,-8.97937519592483,0.8762811634723653,351038,5,0,4
track_3817,110.50026641995262,0.40347901693775406,0.13198344488312758,0.7762014162858829,0.016277430207866646,0.13213829966861446,-19.994057335017786,0.7574495297496973,165099,3,1,4
track_3818,151.81052789623374,0.30945329127942456,0.6594349243152892,0.3092139638180529,0.18426987710075698,0.21919635114995922,-21.53553731242845,0.7556735722672226,266225,7,1,4
track_3819,95.9907522529106,0.17990289996650893,0.17271420618998756,0.6316960997205824,0.38990647539170964,0.05002565469931237,-17.299662909697314,0.033061159317738904,341685,3,1,4
track_3820,133.76419968032883,0.5753328809000464,0.14033505442340752,0.11076102657312802,0.012465726526703056,0.21965464401358203,-12.971838152557826,0.2419296199424757,260428,7,1,4
track_3821,141.95938209795065,0.8973894449856493,0.3689871258602548,0.3556934856194355,0.07208680919222411,0.26343933054893237,-13.635503877303307,0.3103078894865927,233706,3,1,4
track_3822,103.08737205028055,0.563039998090488,0.2931100167915901,0.3592669836068856,0.27386653230600927,0.49355485416112815,-20.706170801202735,0.720100002200811,400464,8,0,4
track_3823,98.67843062769713,0.29154461035529455,0.13916495942041004,0.3224871939744033,0.015074131781866831,0.04713601179115826,-16.893420434674283,0.5465116932872137,410966,3,0,4
track_3824,95.12838983855352,0.20892023278408006,0.5827891738629085,0.36826450347815076,0.03758633313886707,0.48271322382199394,-12.35811098284189,0.5775762606048404,243891,11,1,4
track_3825,97.32530597272253,0.26170222166166407,0.4240781593162473,0.5398065087899157,0.54294117797108,0.2411263636094821,-16.759809011436655,0.6260709474902956,252039,3,1,4
track_3826,130.627195817305,0.3964456771562517,0.48208837057869514,0.5389232925766769,0.10088246746270677,0.4554055979198347,-13.720319142593432,0.265741742430783,275372,3,1,4
track_3827,111.93029931766542,0.4447789634058664,0.7609846789349741,0.6675506525162592,0.17832115647080943,0.024448095754325484,-8.381928719329142,0.7505638377797771,165615,6,1,4
track_3828,112.05869127509608,0.5731055198627621,0.37861859400317927,0.30544252426364693,0.1236324756572746,0.188169506904781,-18.069701589778347,0.559149223126006,317624,9,0,4
track_3829,71.24329468860495,0.1658732679803716,0.4991613826459805,0.21617298441311994,0.13299806947327847,0.1276250058819586,-8.928880697845976,0.5307608525818523,350564,3,1,4
track_3830,75.97529767874296,0.45292000166034757,0.4622756485943881,0.05988500670339208,0.19794875206475443,0.05936985799039415,-14.547417406435509,0.4497351052274,303989,2,0,4
track_3831,169.3034047433094,0.14645754230719957,0.2480844461698224,0.6890468500675633,0.42550745025343084,0.02,-15.030966426143797,0.07692918750440766,355046,3,0,4
track_3832,99.6652282413393,0.3305298846861284,0.5612040355977135,0.529510923216337,0.4796105750718692,0.08789036528897824,-22.380719893222274,0.6230822721813927,308232,10,0,3
track_3833,81.75684013264919,0.35032745137526766,0.7799191021935775,0.19674354504145483,0.14963210222933268,0.2010771052974252,-9.562622534428513,0.6561122425839362,248925,3,0,4
track_3834,147.93297496767892,0.31081124658796744,0.5965741544707739,0.20107556668215165,0.3044028037941342,0.02,-2.427478874941281,0.6473088388439202,204781,3,1,4
track_3835,113.45425646050657,0.6402332533459669,0.7918616830929271,0.635584062841988,0.5897434978291111,0.02,-20.400640232009835,0.23394645966267497,362115,4,1,4
track_3836,122.34464750593565,0.3740874872885159,0.24786658399111636,0.36259785009812073,0.10982541832936596,0.031498743556361286,-19.750586460602207,0.6292842617976914,328272,8,0,3
track_3837,100.85858774155399,0.5789977407345329,0.4864085135489237,0.417497596428845,0.27353926525418615,0.02,-4.811135653902282,0.4933492204540803,309788,8,0,4
track_3838,95.43980728269588,0.1324072026275675,0.3667270573568962,0.4421126043925014,0.17795531481906487,0.08431774283706475,-10.220175668871805,0.3075372801665521,173356,3,1,4
track_3839,99.91240882508129,0.39908850272980967,0.9107425064861691,0.564846123922307,0.42504250476324307,0.13857244828733206,-18.140498116253323,0.7384417909751361,321191,11,0,4
track_3840,63.517854891041196,0.4259020535645089,0.3621590056348762,0.3495984976191629,0.38986245425402655,0.41296022931224885,-3.9479526788237855,0.7629632508364312,207427,0,0,5
track_3841,102.36217771740307,0.2975505990435132,0.44589247851034985,0.1682333144984163,0.3706961782948961,0.04761286278340599,-16.760603169762284,0.5813772041364087,230203,11,1,4
track_3842,113.88099231127852,0.7991696069296741,0.6931442510043725,0.2888198483761689,0.15026471160264368,0.03261820343091365,-13.83602593709687,0.3977474614754501,415850,11,0,4
track_3843,160.5138970153126,0.41961307563327443,0.5237917139548364,0.4458315188889229,0.4973715413750686,0.3020561034863418,-11.976092281876346,0.364552127150764,184521,6,1,4
track_3844,107.57997195015646,0.5201051689038139,0.3896244142239095,0.2376831333956923,0.5470246497661925,0.02970861672547643,-9.436800123717815,0.28968204387318214,374856,9,0,4
track_3845,40.0,0.457694667012395,0.4156721836035701,0.3867203005692746,0.7447667255287894,0.07598485814250726,-11.353628080431397,0.44199484325006344,158722,3,0,4
track_3846,102.18043701646135,0.5249336858590138,0.15580866137788568,0.43003963311026927,0.06716841252807476,0.3813178418472619,-1.6165864686990705,0.23401432249262474,152907,11,1,4
track_3847,187.1851239932492,0.2487332360216554,0.05064785134482251,0.4981718917288856,0.4989818430096416,0.16439523176804471,-5.762716027021041,0.23353958843888187,348310,6,1,4
track_3848,130.9909870495512,0.231972958971954,0.3476757164139049,0.7603660283675282,0.4570657494536169,0.43364382513782185,-4.577838375077167,0.24127484617644998,317555,10,1,4
track_3849,80.67333168574234,0.6472362835842236,0.4648654061353345,0.3429988954202226,0.17643085361543054,0.35937574126267297,-17.970602690472983,0.2769791298982314,410008,5,0,3
track_3850,122.7331954329167,0.34597010033595427,0.2549678019920852,0.15123155547848352,0.015768278450962122,0.1265815143689894,-12.057871507880652,0.7696190894274306,375287,7,1,4
track_3851,82.73959725330779,0.9755130645017225,0.7447786229938455,0.7834900626591875,0.088355573629472,0.031505442114679046,-3.8931149038577377,0.1941385536432275,292057,8,0,5
track_3852,64.38577441359428,0.8182280619894925,0.4928991696098223,0.14684143418972812,0.3120270838537615,0.09341370710742371,-16.381545139558995,0.23845666698837484,350440,5,1,4
track_3853,94.54891910297783,0.5083715330159816,0.10787269042623453,0.5826355670261647,0.29149422018993815,0.033134004506345495,-16.33412054031041,0.38095405780614183,255656,4,1,3
track_3854,107.74579317716584,0.4412548709302759,0.348094922942891,0.343230319009227,0.030586141933191546,0.02,-8.4661874595141,0.7435067284443105,142248,6,0,3
track_3855,48.83533492699813,0.8361145350174143,0.17656867420965477,0.5265481073476144,0.0556116251165228,0.03959564623167903,-11.190558632289775,0.371792350639906,127647,7,0,3
track_3856,70.52522128384092,0.6590806177516729,0.5670108471651347,0.8298425119386925,0.12156317222404434,0.3354867380123796,-14.112949630773794,0.6901909320721307,202975,8,1,4
track_3857,105.31006689547064,0.48405524703429,0.7697541514752968,0.2795051137488088,0.3399090739310604,0.14971543114349425,-12.361251806342157,0.710993621201291,390275,8,1,4
track_3858,92.75480472033138,0.23894504058990204,0.2667801919806836,0.2721068725065928,0.06793151073344847,0.3067469183275674,-24.928026569714042,0.6887415714296115,153580,7,0,4
track_3859,116.84433813438272,0.7272262157206805,0.400940684714313,0.36216677549794035,0.6592623112805782,0.1144020770440876,-16.009166160917946,0.5057610062060827,389532,9,0,4
track_3860,68.55995018074316,0.12890978986332646,0.4651898771527235,0.8269071341228554,0.31100757209276275,0.25616241063482637,-19.096407933110243,0.14654840155597817,213571,3,0,4
track_3861,126.42341245659902,0.3929122982486048,0.6592289322601499,0.42554172561309944,0.25111256867045173,0.18050119581983012,-4.376144536925878,0.858947341158695,244312,7,1,3
track_3862,69.48722708819415,0.9217268683147855,0.5553235069748745,0.1597261253313643,0.26740493683857786,0.029446762636471578,-15.068792904028683,0.2711313281671282,312659,0,1,5
track_3863,154.2820290581289,0.38010332330145147,0.4658202362473586,0.37276551856640305,0.4490226164710864,0.34191614173329554,-13.492709719767674,0.5072223037433367,338328,9,1,4
track_3864,53.527251468650505,0.8393715029800465,0.30806738643873494,0.33195475001678876,0.4051830372229372,0.1298394597463483,-7.390869346531391,0.7815022201866793,165988,2,0,4
track_3865,72.22337188849762,0.7084386966192353,0.33914982884374,0.17250780487977435,0.2599836084674389,0.08136958770070894,-4.687061437132456,0.30689966647872363,340601,8,0,4
track_3866,117.52112409095487,0.3938194665211599,0.25455546264232254,0.786923782075151,0.12889608714032474,0.06806302944093978,-12.399208857055664,0.7495458918170884,352168,1,0,4
track_3867,154.92699754492915,0.4234225308557398,0.22608136420262626,0.5814706358934439,0.14843266400126295,0.05940852618976065,-19.10906723953536,0.41796773676989907,147551,9,1,3
track_3868,114.45129108348512,0.25058146636587564,0.45383493940742836,0.06835517336145422,0.20298760878958977,0.14714079643102362,-17.292194164700764,0.5312049879015582,379831,9,1,4
track_3869,121.88573760547173,0.525079434302235,0.9185994524365089,0.37434732597039105,0.016385944982104925,0.06275420601450085,-12.235450634261962,0.6861418673481294,283910,5,0,4
track_3870,105.52610705019175,0.8802856923553641,0.9336348432536613,0.2620774908569687,0.4703991283261726,0.18307441938666158,-12.061512850231795,0.1328052937265759,325893,0,1,5
track_3871,74.2080463765442,0.6447059580030757,0.4893591825593339,0.1778998896885178,0.023838871286826817,0.02,-18.855585056280734,0.6134273035006775,201670,9,1,4
track_3872,90.29584955281862,0.5492588818594335,0.6254075447592102,0.2614475036843444,0.03132986722151451,0.11539750259629648,-26.365744782267196,0.1429808882449988,338852,3,0,3
track_3873,68.6427084005617,0.44477517184962895,0.4757405100592496,0.07094356414962369,0.362844003078992,0.1915926380644322,-23.729379351892792,0.5769487461538741,321839,10,0,4
track_3874,66.63870096669385,0.19499715051362887,0.7901374082374665,0.2977103438572661,0.35535380082181256,0.22314953525979236,-21.11643474752332,0.217612691464688,145494,11,1,4
track_3875,117.05246757959239,0.6499913794316914,0.5537423537439011,0.17182423675828865,0.3304831827149649,0.18665218384454266,-15.316049692812957,0.34730333818665793,172133,0,0,3
track_3876,71.30466053736114,0.5472438335613434,0.2476978200488302,0.28596249695618364,0.42942794902785136,0.12676509078060313,-15.907980735868524,0.506618636961481,349250,9,0,4
track_3877,114.58662020170084,0.7268898231672511,0.3747575583526101,0.26022943944045274,0.08063502979993839,0.04645769285302117,-23.979200239106028,0.15730369883521117,342787,7,1,3
track_3878,65.94531743336708,0.2942379309216109,0.2938280761347106,0.49322852937933676,0.011838613658241301,0.07860586912037787,-15.465455047649733,0.5532541092825983,197827,0,1,4
track_3879,113.89149060350263,0.08488690387828046,0.3642831505658595,0.6670193399522537,0.07730012959115348,0.4772901583577891,-4.000648064165878,0.20674926952260886,259914,1,1,4
track_3880,90.33952293111112,0.40365659190444225,0.7534039291325768,0.39793510291800066,0.45138940038457503,0.11999448717034274,-11.86316584900139,0.1480870298525222,347409,9,1,5
track_3881,147.19846600951934,0.2894487028110583,0.3654358655937876,0.3187999268989629,0.12543438185617484,0.07832287596763186,-1.9891568255850558,0.27055833186553485,365348,6,0,4
track_3882,114.71156686737194,0.1367297889009118,0.8350328642687145,0.7418820262685647,0.21720471065143182,0.2678210729328529,-13.970840887332065,0.45854865689202845,174612,11,0,4
track_3883,142.07348678982424,0.4189092304262913,0.21828899522830014,0.5016995671257201,0.16543695986438708,0.20157672961876566,-14.154891332280426,0.0304927958209978,355871,1,1,4
track_3884,82.33059850724422,0.1249540558399101,0.3464954447982828,0.5067028122220713,0.5373680324125459,0.4148982471691395,-12.303250756565873,0.6119378340207604,246216,5,1,4
track_3885,106.68430020732502,0.8616709882065737,0.456040284373927,0.7001160803628517,0.3358424829094837,0.022831702544312427,-3.075458081933885,0.3936972634989672,324317,7,0,4
track_3886,75.56738525651164,0.2814495382123251,0.771454549304204,0.465903451813903,0.5810007240237645,0.07607995811221488,-4.563335277572618,0.8896778816172987,143461,5,1,4
track_3887,92.59184271766746,0.54738501365169,0.24458571828382408,0.13989883204550962,0.16259901043029606,0.09415613490017795,-9.450631808811448,0.6883794860265939,132197,4,1,5
track_3888,97.13687331766113,0.6704123021101889,0.24695591586816987,0.7880818437337926,0.20258597440781861,0.11686296914635375,-11.43488967082459,0.3811305072423045,239039,3,1,4
track_3889,83.22425337938583,0.3733900179723018,0.7139580965307113,0.5306231678132948,0.1301591255918583,0.07188453400071806,-19.147358814755812,0.11440661250433952,351541,1,1,4
track_3890,68.53491423462916,0.20048935016201888,0.39670481712866656,0.4411216787908612,0.25634040715831097,0.36193019839569657,-22.049806461081413,0.704220995983483,345360,10,1,4
track_3891,62.594480290420414,0.6929587486066945,0.497057568823631,0.8149235003678992,0.8424405693541618,0.2401161877716069,-16.68160916908655,0.6262440153803145,303181,9,0,3
track_3892,40.0,0.4357734520769428,0.47995174564302734,0.4277712379654354,0.03441872010606984,0.046857163782614626,-4.8126376479301936,0.40702188880012574,360874,3,0,4
track_3893,73.30960609489627,0.29767418015795416,0.7637436791445473,0.255222681894504,0.36256147482758583,0.4853932821136209,-3.282779267880846,0.18097497336151894,159296,4,0,4
track_3894,123.82481690015534,0.1798645493228172,0.6111916272241673,0.13968230136452509,0.41431008859626134,0.02138572236298257,-23.654735910891073,0.39290024148167374,276118,7,0,3
track_3895,57.045044039601514,0.14790450570664185,0.6068577823064492,0.31438682481480057,0.10791021220333795,0.394844344755807,-5.902758082946528,0.787755535397972,215153,5,1,4
track_3896,63.956314612400845,0.4195760610827393,0.7506278418477256,0.263388436991395,0.38255606820684895,0.2611125172837026,-3.037645417448413,0.2936073468966006,249124,10,1,4
track_3897,158.72695713698744,0.6184405301315047,0.6318386714814931,0.5179647595584888,0.010291316022087334,0.1540138937040422,-6.508521832950111,0.6577012018638771,419110,4,0,4
track_3898,85.90511850455238,0.27188673814052683,0.7191617150787677,0.5957766137157103,0.2665435507149539,0.2752042778131519,-16.719169314910573,0.5491151090075959,301633,3,0,4
track_3899,114.63138027494507,0.9232373400466178,0.39490640627477064,0.12070246109706907,0.06514783157318124,0.028257881003511297,-9.07262957598591,0.5260079871675785,390598,4,1,4
track_3900,124.26951439501484,0.48252700919168967,0.23651158371897293,0.19411198940858443,0.06289480878466018,0.06733322437141255,-23.25113806086282,0.7503259409504685,417058,2,1,4
track_3901,124.87578389343841,0.3225715149259225,0.24639617105111,0.18024893231902453,0.2685212729696802,0.19858369990256078,-22.41176057051104,0.8641132894964536,212452,4,1,4
track_3902,59.33057308175821,0.33866941816735474,0.33011787823589905,0.6197560761925502,0.2778592640767486,0.20580709142779977,0.0,0.4949464514025484,331187,8,0,4
track_3903,98.06820960301529,0.568300039587771,0.5654478517125677,0.27843423902825754,0.34225740450406533,0.10420883832139635,-16.723737289970487,0.9031573118237213,269658,11,1,5
track_3904,56.45318191444824,0.34193757615504333,0.3402924931728504,0.5209295475685284,0.008609581723025506,0.4700928103004641,-20.82768391460855,0.45048883106543564,259463,3,1,4
track_3905,178.3895357673097,0.024854263085658024,0.3656201157956408,0.3957595009662333,0.3975104003150922,0.1718943474313746,-16.12331013545784,0.6073754831827773,132245,7,0,4
track_3906,57.153742079531995,0.2469312389613282,0.06093155602577137,0.514382833910327,0.03077152138528882,0.02,-2.7924434682987993,0.3217497807441099,290799,11,0,4
track_3907,73.5647934339054,0.29845639656472944,0.3242964431891243,0.31355638474949393,0.033435303685291025,0.23014970994538075,-6.9999710763056555,0.2956206028597637,415466,3,1,4
track_3908,73.78197435475485,0.5786870087028255,0.4857270692464442,0.3567012096868745,0.21803372933307683,0.0664048319044713,-17.97096934197875,0.8742664100962175,313491,2,1,4
track_3909,60.10018569831359,0.40634469276040963,0.6184702535459323,0.4576186095283739,0.17980165313069046,0.0741386028986109,-14.373701310387695,0.6863691027111637,410028,9,1,4
track_3910,145.57781729269635,0.09131463424758422,0.527438659491202,0.4583303784052467,0.06447041553442501,0.12908967990749354,-10.981579546212199,0.6334826598871504,180840,11,0,4
track_3911,177.67343703250486,0.42926328703662125,0.3689556477914027,0.47530991006165857,0.195096742796162,0.06869061025309267,-9.894278394395563,0.2521994017866972,154585,0,1,3
track_3912,90.72752642062147,0.21348157385527272,0.7371906355470946,0.20865826362995588,0.2223024779757203,0.13033380704023134,-10.888524812289477,0.7217777890485916,148723,0,1,4
track_3913,65.3873055946677,0.5663103671324986,0.9517069391875945,0.19446879005494194,0.1945219961870736,0.19603205682263242,-19.618305185952654,0.5760478912782968,223454,4,1,4
track_3914,40.0,0.31093659999725665,0.7135271987063234,0.8267700070482219,0.09564041692591235,0.1524158300356882,-15.30453524467724,0.8542184163578418,175270,2,1,4
track_3915,97.67673844433696,0.2915379420913133,0.7460802628620603,0.6546161019457782,0.05141571243684566,0.061862790988043086,-20.558640288333066,0.14889094645478917,137955,4,0,4
track_3916,95.50903730515668,0.7580840849620105,0.10930160823325402,0.6107830691602377,0.17000352674287533,0.28787635074094303,-8.182640379847268,0.763739698808194,389119,7,1,4
track_3917,85.46111620919567,0.441065468080783,0.6965497894297854,0.16794081963902605,0.2979753239317962,0.10871194477042664,-14.480176157637242,0.5371643978171207,362661,4,0,4
track_3918,111.64125761928685,0.523705556904385,0.42642359894098397,0.5554827968221595,0.2785982608291332,0.1839194290527382,-11.890447074205467,0.6354796144840348,328350,6,1,4
track_3919,116.85519428446459,0.6017019679322153,0.5403863091761985,0.6101747312137558,0.5906941406842519,0.02,-17.899062610262792,0.5080825403121454,259371,6,0,4
track_3920,114.69249773813702,0.09512205071000167,0.43033983974970286,0.1583493498377392,0.36423809952000435,0.36344794376022843,-10.062598639876471,0.16895931999465816,149542,5,0,4
track_3921,95.51625384094538,0.7512174050670788,0.69362507213048,0.33294066859333815,0.10682125335694342,0.07570602741110971,-9.857223309431951,0.2972044238994539,404196,1,0,3
track_3922,71.95134511277215,0.8005387895554972,0.6744054129993964,0.7774678636517652,0.05907760459264993,0.0839698108267677,-22.452045178722017,0.03499582929400589,416701,10,0,4
track_3923,124.97499293420148,0.7300950645563953,0.7239303601179123,0.6754753215938111,0.2646673854560132,0.0631251087865098,-9.136968242216412,0.8860296749864818,161907,9,1,4
track_3924,105.37541278264591,0.5957708410040903,0.11569881104445015,0.14102950421634286,0.41129703819886754,0.1825121401671953,-20.837307539647526,0.4605627190097809,319651,1,0,4
track_3925,131.6507257450395,0.37435589898674876,0.4901395010576887,0.19978534980620669,0.24908385457432317,0.49155485225275836,-17.985221721563633,0.3955806535985061,143719,7,0,4
track_3926,128.70226648416696,0.6908675769183502,0.3487347416115667,0.7870165650437849,0.02260975255035727,0.25901804369269876,-8.377761576432235,0.42516782197096,177339,9,1,4
track_3927,62.347137928586534,0.6017288972824506,0.5357070556801165,0.44625271286695484,0.5597453202215958,0.12479707547756806,-17.792747261068218,0.3574729792224602,398089,11,0,4
track_3928,61.9733337762719,0.4376421894922866,0.596596323939413,0.1615101580264986,0.347643943750146,0.29636265978911486,-13.174529885916625,0.4994057561818455,234429,9,1,4
track_3929,82.33377843778415,0.6540187740819366,0.5188123743864012,0.6045563796330041,0.12996218689498765,0.1274380142443662,-14.435722436350131,0.4974382173416426,397812,7,0,4
track_3930,73.31203775127996,0.45562109739074597,0.2678787917023944,0.3006726712157089,0.6483082093637182,0.16307812618840586,-22.510710594252544,0.5610029372271359,326578,11,1,4
track_3931,127.65755327928302,0.496279804900775,0.2997399526454513,0.21960821695293473,0.19565910404883893,0.6195939795799754,-5.394733885675672,0.2575533838832841,376169,2,1,3
track_3932,115.53929027963753,0.8625147305595301,0.5758574390829571,0.34489035473648844,0.1518553195598979,0.08552010411928032,-5.316566721454182,0.5244134014432008,135150,10,1,4
track_3933,137.97551981355932,0.6931289431025237,0.8277979601841822,0.6114811022264046,0.15586400060011857,0.02,-11.089502087755815,0.7508990819993924,202707,1,1,4
track_3934,116.89460452232755,0.28319617180615375,0.7666402603100729,0.03593437994417892,0.12473566127659833,0.06497902803267751,-15.667235789615614,0.8147346097166209,200325,9,0,5
track_3935,111.25948745620107,0.19314730108694436,0.6444410387847801,0.7817471159969529,0.009147218811250277,0.35173121361192894,-13.289103203166887,0.8140425852321793,419763,5,0,4
track_3936,140.9918934103251,0.6744865709738681,0.8098393534533367,0.6900058463895029,0.05968953913825259,0.032001718435159164,-5.831923085662673,0.38775521612563896,298536,8,0,4
track_3937,119.09182019205146,0.21779279308053737,0.26241003946168034,0.41610074072353187,0.011599917796982903,0.11512168127913905,-16.97151403907397,0.6012050299643268,159722,2,1,4
track_3938,107.04302890313157,0.7636042649247164,0.043273603716926116,0.2527466086677856,0.1745199947001415,0.02966234151194685,-16.422569828317943,0.7411801602984658,377021,2,1,3
track_3939,149.41359101792057,0.38925837151661125,0.270268541635249,0.10223697911593689,0.1314082443358393,0.05448454888431277,-15.182974337555263,0.2907550083769992,254512,11,0,4
track_3940,108.4554264945837,0.1609928831446049,0.2202924679261442,0.13289119069325578,0.4030546564468485,0.28954198122558555,-26.94091882932542,0.2621982467720259,139995,2,0,4
track_3941,95.86978185246235,0.5987100883980112,0.771855778123946,0.04648140838481749,0.24981702253319246,0.20539611439196048,-9.65011367116457,0.9536196959814992,216631,10,0,4
track_3942,79.86530223667052,0.5853241503487838,0.7429605861710621,0.8380093259532504,0.1977012404814004,0.35579968841159015,-12.668294119050728,0.6331650993845511,402931,8,0,4
track_3943,126.09076377136233,0.4778111289581541,0.6212822431009508,0.7588861562787963,0.21093506203883342,0.20729467207437396,-8.845274868136489,0.272356563593693,369869,1,1,4
track_3944,142.11151625527407,0.7403701648485037,0.5875950864093307,0.3766803288436315,0.11182334479514636,0.06865882775938549,-16.647616888862103,0.810934601529751,191980,11,0,4
track_3945,103.4823779569971,0.06577410532330369,0.5053672073669393,0.46057765935801936,0.2010422543613056,0.07495083843765932,-22.506133028128694,0.4884562176034226,350311,11,1,4
track_3946,144.23746871339517,0.6022319095230749,0.6817431655484811,0.3190152859864838,0.05450079820819671,0.26202953576157617,-12.992969017202904,0.5137142537312946,404479,8,1,4
track_3947,45.899549040852726,0.5297618959515961,0.7655719228717647,0.18908216587556026,0.0423822648121551,0.09036539641174696,-20.791098764286122,0.8231507307882656,254719,7,1,4
track_3948,103.33639875576256,0.5377357058061645,0.5680420804275366,0.6197330010608131,0.39010706825845665,0.34801362120910095,-10.379651247127658,0.9073666117037261,355295,6,0,4
track_3949,103.79715263686691,0.5795299674205608,0.42316326299756013,0.12561913539157907,0.33328658916117054,0.2295851420940903,-9.868043326831128,0.186661886911554,299572,2,0,4
track_3950,83.19016882777959,0.45805422257009104,0.42316720882052306,0.1063464229547685,0.1718631621939068,0.02,-0.9680666852295978,0.8356089025584554,377583,9,0,4
track_3951,176.5158311394562,0.303171802492776,0.3529378526924795,0.48324761492414076,0.4081946210439173,0.12107432547577225,-5.3700326856644605,0.4373553689076955,387054,7,0,4
track_3952,103.01422101933717,0.22541375745448006,0.425499476083445,0.39471051177643607,0.25703465628795336,0.3606448542977461,-12.158950623205635,0.3779569409835542,204913,5,1,4
track_3953,92.76807685186701,0.48526910258343076,0.8010416477710319,0.11630340649923197,0.3873939794564129,0.09090315555443981,-15.327803845687578,0.8413865442441656,144427,2,1,4
track_3954,105.77886340300515,0.2782786640616817,0.8206074645973005,0.3186926637773935,0.14918793018610735,0.2568779232100832,-8.497634529147284,0.1889213771169809,387803,5,0,4
track_3955,44.915587844225115,0.12792202547651338,0.8354362473713249,0.7963735741131517,0.2565252927784422,0.6343786682135998,-11.971854426715431,0.5659188464175684,398928,1,0,4
track_3956,82.20396223965255,0.16942868378286413,0.6343169553388931,0.250383255074325,0.0219673513735733,0.347286935829022,-16.614520584147897,0.2551201260443906,175595,5,1,4
track_3957,134.49719908336212,0.19792011086389455,0.3805751353837193,0.5181397401134421,0.04732567151948045,0.09485114036854622,-26.1830409447497,0.44573148016388886,410397,2,1,4
track_3958,86.13163935201676,0.36222823855911435,0.2931858793867434,0.8364932983401344,0.2401057788848937,0.15410043443883698,-4.055789198176285e-05,0.8199688296852059,136875,0,0,4
track_3959,80.13374511599186,0.43171008479410067,0.41859625997155,0.3123733325497382,0.21423351942516583,0.03744047358068911,-7.383712067373908,0.24120017544307898,166494,4,0,4
track_3960,144.28576909543202,0.6997157012920343,0.5313400329861384,0.029484738570628388,0.27381925548320063,0.18808320416501687,-9.928398746015192,0.6858622363314498,288175,9,1,4
track_3961,145.20763202855488,0.12113876110541576,0.8128893867090676,0.38724519894376047,0.24830007833734832,0.15053608577841734,-13.434140560055065,0.23667104043352405,370443,9,1,4
track_3962,120.50971416483425,0.866133108869501,0.5467118951739834,0.19903308595699706,0.15163659425480344,0.37207712182858543,-2.397307909722592,0.7642891644115732,416018,4,1,4
track_3963,91.34647997883998,0.4375651973912918,0.3663575317533896,0.8070647765893599,0.5122653110362341,0.4432628642633408,-8.461948924696108,0.7357556801214097,160539,2,1,4
track_3964,97.81586804651029,0.7479884470496352,0.7916336499602531,0.6756098040634632,0.3517781793163346,0.11489267962223959,-22.15149906576221,0.34297955948794606,337358,2,0,4
track_3965,80.87550115275123,0.4969127541225716,0.27354941616650474,0.8776360348120447,0.16172813802499794,0.2235061508121883,-15.333169509715653,0.0685936222868557,236228,10,1,3
track_3966,75.15680642914066,0.7832831062145085,0.8054180785853146,0.6357465015547495,0.6376381206485686,0.02,-9.26244401216238,0.6958029198923239,351792,10,1,3
track_3967,73.66750535074704,0.6733957878950043,0.48783283860584564,0.32259637473356867,0.21082717861799904,0.1524227623039521,-6.555796471438812,0.6005294153239381,256166,0,1,5
track_3968,86.45836779644378,0.46338345774549095,0.9315387394434361,0.4430523955777771,0.3836674247373494,0.02,-15.55910576601214,0.6332549179944222,163428,2,1,4
track_3969,73.95837027945765,0.4656206235784088,0.2681382798764613,0.33677975656622827,0.08389710631086505,0.40366868655786364,-4.634091660871295,0.1701635945984328,310318,2,0,4
track_3970,58.08884644370553,0.8389928793873068,0.33700861794230835,0.7428918878734257,0.270899695979463,0.10863728731859384,-21.78220645207039,0.6216384840573786,256851,9,1,4
track_3971,111.58208009261718,0.5180832957380159,0.5970853727545776,0.16615891034758126,0.006461946749937343,0.2549384233425935,-15.353932845119706,0.3397844315644276,255021,11,0,4
track_3972,112.03786742680312,0.4771434617711014,0.7553124096171383,0.5860202323922722,0.5789247568524805,0.3015250277340453,-15.10312295906709,0.38127245825186645,281662,1,1,4
track_3973,156.0237827528495,0.5150651099751308,0.31100013612749655,0.6867476963394343,0.2806260190058725,0.0885672807098533,-8.104679144895483,0.38628376870148173,199451,8,0,4
track_3974,84.94984894935892,0.24836631036793272,0.17483281870485967,0.6231677937653762,0.0027056265155838066,0.2992559254001241,-5.983575347776293,0.26406180978710175,404060,11,1,4
track_3975,113.88301768869812,0.18975337941355713,0.6626194220570393,0.4942371871347402,0.609504408131901,0.26712484072796927,-6.128877594347809,0.723739029985096,237806,9,0,4
track_3976,114.38137737824405,0.9029534017521621,0.14643062734684847,0.25476096435238205,0.2095904685199942,0.12375564802283094,-22.151050302642616,0.07294132325030916,218435,11,1,3
track_3977,97.384873166234,0.1878127040179772,0.24403082877759716,0.5950467093392794,0.22247617771266476,0.02,-12.948912196718826,0.9257026712398416,354745,10,0,3
track_3978,127.33000766249029,0.5840236908831419,0.7761109100476291,0.16938944267549758,0.06337553488981791,0.03637248255876811,-23.004595203547666,0.7245864361567653,369352,10,0,4
track_3979,128.25687560552143,0.889108810478263,0.7845586604854417,0.5383741866746551,0.1385207020722828,0.14079315205729076,-13.580492251535807,0.4796397854464784,150893,1,1,4
track_3980,114.82233285592619,0.2429310985669586,0.30656772131135723,0.2510648679820501,0.32112722661974036,0.1732704558430045,-3.8113566541284474,0.25106361114304343,137429,10,1,4
track_3981,97.33080884856614,0.6936382345050192,0.29985056277086153,0.11634282251723883,0.36344502106877036,0.18985809429252534,-1.6591492045008014,0.7985115655103202,269956,10,1,4
track_3982,94.27409674336394,0.5387375946548656,0.3105202597133237,0.16776953922495005,0.6636833382450393,0.06040963704761442,-10.92669894231868,0.3344691096757133,380841,2,0,4
track_3983,63.96738303608822,0.4391801999954644,0.8337045653422248,0.12422943215597104,0.8010756418675713,0.056440201530115676,-12.061878735839388,0.6699048173859922,332766,10,0,4
track_3984,80.82246664146925,0.4963300830551905,0.633412346151924,0.21705405000562183,0.7015738475358226,0.32886163406342395,-14.84318142571635,0.4735213675699688,322069,2,0,4
track_3985,86.33977428294936,0.1964301040475365,0.43362192370089364,0.7660867934202132,0.34062820685571643,0.057161522720483006,-13.935378820660594,0.5405577269014881,124380,8,0,5
track_3986,71.28084712711697,0.20858413202922094,0.7926177949630223,0.4635277272219482,0.2876222709729537,0.02,-5.0782068809881125,0.1428592149995366,396997,8,1,4
track_3987,118.19771900062993,0.2945791680388803,0.7350671096255225,0.559817337898333,0.10629241221762396,0.23284116040708225,-19.005804930864205,0.44460021393112076,277000,11,0,4
track_3988,140.8988360696103,0.27368824230530303,0.33372989975305023,0.01473944840088782,0.1451040520129673,0.3666797940437131,-15.431342272959027,0.12391436049001178,351893,0,1,3
track_3989,77.7581270301255,0.5408920252820604,0.9664032587091307,0.18030119737992664,0.4656357693861,0.15502484604301578,-13.725528471301082,0.5958151802033151,155506,11,0,4
track_3990,113.50324307233912,0.06952172791844834,0.32132884709554477,0.32182064929871385,0.1225130367158235,0.03072116475050496,-18.09521366292237,0.23996803574886544,414301,10,1,4
track_3991,73.97666581410869,0.47001315133678107,0.504597601100132,0.4757844560302508,0.5548496970759473,0.15261831189646366,-10.825077458706767,0.2377964113890144,170382,4,0,4
track_3992,95.85233487182514,0.6936336435690544,0.461729948707982,0.28841556042817856,0.40791476951122885,0.09462139791175413,-4.565374186599881,0.9318352781655613,271180,11,1,5
track_3993,84.29011262466673,0.48946098510270947,0.7650995064851054,0.27219501318704026,0.6113862650162151,0.28330062690063423,-10.091707185099313,0.6517114634686151,177410,10,1,4
track_3994,123.05686945819325,0.15997002131401558,0.32878710480727413,0.30274703412903586,0.19216986900778335,0.1615607552384817,-18.099726526724098,0.2511374797971968,276938,2,0,4
track_3995,84.63635478473465,0.9514290318388203,0.8471763836706093,0.14830830726630911,0.380403648967124,0.29967946011372026,-18.406405852262132,0.2995789147882174,396337,1,1,4
track_3996,135.3498124111994,0.7607794850743893,0.07438389426711045,0.3353559155693068,0.06196881586600968,0.4571452059214423,-21.55212726188032,0.5027181625172367,134949,9,0,4
track_3997,97.62837679013403,0.3026012415365601,0.573880535679256,0.650663361828056,0.19642872209496695,0.14055318843380674,-14.604171268453735,0.25159614907683897,221406,4,1,4
track_3998,85.51188871215507,0.3195790569526244,0.6795079969263564,0.7375608258993019,0.014011490265678208,0.16587903557520273,-18.948449993128182,0.4891543427469897,240294,4,1,4
track_3999,67.4008421296451,0.12872948742147972,0.6577646489183981,0.3587373473741803,0.3497381382616941,0.2344767915122663,-12.503701956294135,0.6172930082661082,373398,9,0,4
track_4000,112.5961353088605,0.6662290913242125,0.3849651050015788,0.1518219675821853,0.30384447881643845,0.13727318418035864,-18.173091160420782,0.4055287794342457,147015,2,1,4
track_4001,131.8565520667854,0.8406523462811843,0.33095190584945705,0.23871285766816452,0.23226038303573887,0.11646847475260519,-22.414671655935003,0.237157914152276,414739,7,0,4
track_4002,113.19963769610622,0.6010064300251798,0.42117684595290644,0.19461170976308756,0.3989819509810283,0.13780266590814386,-25.614155307460976,0.18818298759404092,392962,3,0,4
track_4003,172.1649499924327,0.4958906819185329,0.7038333916816396,0.2659774196058949,0.4072805852900372,0.15838736250137406,-10.227487642466667,0.13309069063398155,240659,6,0,4
track_4004,147.89362357411255,0.17634948371767872,0.6030512685520918,0.5186932747631359,0.167335337938875,0.43174763337946725,-22.336597403946875,0.5096956607235521,354998,11,1,3
track_4005,95.77416705848952,0.8310579585656623,0.6514001979048818,0.6511356075851151,0.3314826406204648,0.024188833956616553,-11.021145390452752,0.642708442973335,395660,1,0,4
track_4006,95.45917698578792,0.716347466996069,0.4384943195034105,0.3927034887646623,0.24714692895722026,0.16430099054684055,-17.905293418978847,0.8915797186174117,220419,9,0,4
track_4007,119.0909015845606,0.48792115832655214,0.40352565789272393,0.27411946400037507,0.4049256024764894,0.07280492435923316,-12.430212087195232,0.7141448630904284,369142,5,0,4
track_4008,79.85942458722946,0.12236190625780849,0.2523209235980102,0.11679548967502112,0.4214587450645502,0.02,-14.289746721743684,0.4747544666374434,298290,5,1,4
track_4009,139.9886491959746,0.0926360082082268,0.8466692008393348,0.5080036640855146,0.06464721666379014,0.02,-13.112721312154374,0.5262776955006419,275395,0,0,4
track_4010,115.8480156553075,0.8216677381827147,0.8004999537611446,0.13943911166233308,0.5642141978575208,0.08077709873748172,-8.273373080864921,0.7384699037577263,266358,4,0,4
track_4011,112.69376732575599,0.6176247367892516,0.9328032013804671,0.13129820958100516,0.2610707763294119,0.18123192503262966,-18.25131487274122,0.8852368047850666,374248,4,0,4
track_4012,125.60861003312449,0.47340163604030644,0.7800614983959542,0.1757504947693413,0.45283628695416733,0.10901642835651505,-5.075468386992039,0.23014337298464832,166734,8,0,4
track_4013,156.68489650107176,0.5390374206866415,0.39485205531741774,0.4991322793402165,0.05315997585618241,0.27407607109207865,-9.41972884455977,0.8002419491052348,280011,3,0,4
track_4014,110.12866056562515,0.27115697366475017,0.5809470566458673,0.23351144870141843,0.3304073474194729,0.18848101982328483,-16.02759829583454,0.9410054034471932,366820,9,0,4
track_4015,101.60878887385847,0.4124373309065533,0.46477346049718576,0.29717329006412035,0.29999183402376023,0.08417051032139254,-15.398767592275524,0.35054766555444,159572,8,0,4
track_4016,150.26158869967736,0.1874814864903141,0.7013122226937593,0.2630775049548013,0.3261399203626735,0.044005158444036074,-13.319222954601939,0.068853642582399,340367,2,0,4
track_4017,134.02651247973407,0.5563023162346209,0.28114242974746656,0.4397051628085958,0.4804904993369739,0.045896710256494416,-16.571636887401976,0.2343272664222543,418091,10,0,4
track_4018,95.37060478848834,0.6296995266138109,0.9494736019016423,0.24510229917638135,0.4733696667283666,0.20464797007279797,-24.448890064115652,0.6115042624715253,161671,9,0,3
track_4019,105.1555934597706,0.19624799116070082,0.8300120204711118,0.06294713185072089,0.08857279502029813,0.09649949917059622,-19.894624571736834,0.7391831978104129,198136,11,1,4
track_4020,110.86142747816396,0.6034037389193991,0.6329725221291884,0.3030256762711598,0.28087499495206364,0.15319732580783196,-19.914316450328926,0.6367621880622342,311587,4,0,4
track_4021,115.85438833814949,0.14417784356863414,0.5591704493000519,0.4594261345776138,0.2350102316300114,0.11146396357111359,-15.196634689373827,0.7040871583311878,362859,6,0,4
track_4022,64.30200447182658,0.5779151774017843,0.43159534080572337,0.3763226908408712,0.14842715843068166,0.05499548214097901,-21.321500264548227,0.2822885383334281,245701,11,1,4
track_4023,58.7254617659532,0.43402438810364297,0.638070069611425,0.7591885366506824,0.21600708125948348,0.034557678645053116,-9.035169394872312,0.587344502093876,125505,8,1,4
track_4024,78.37829933992639,0.3655309398858807,0.6688603188568003,0.3983670038840439,0.2756795886456627,0.17065484192117006,-13.24126639629025,0.7621407705612263,200950,3,1,4
track_4025,76.05784670965973,0.3428725039717928,0.3925939307385585,0.31095345115151274,0.6190206101089483,0.28147234246219677,-16.506623381853203,0.5464937067837486,152040,3,1,4
track_4026,85.68527958082493,0.5624847285404814,0.28810960043344724,0.40570275828158087,0.026591965611452086,0.08704656034088841,-18.92929854301678,0.5896567275475421,385768,6,0,3
track_4027,124.04131926270013,0.8256056625957562,0.48661790147647405,0.44292086860965496,0.06688131012209408,0.2713071812923809,-13.895766800429927,0.44692637679352604,255822,5,0,4
track_4028,99.93212531025785,0.2808597356363318,0.580329908027393,0.13662244994688402,0.11423314924019595,0.16752037554528101,-8.381135447431141,0.9015861703866642,359600,6,0,4
track_4029,110.89183815030565,0.30347463061053664,0.4760589387256374,0.5252344792534148,0.6186629391575952,0.02,-25.303376244202774,0.5663690618968868,327606,7,0,4
track_4030,68.27089769873214,0.7288808735754589,0.5120873108662326,0.08128444567241953,0.7992204374224828,0.10494827826575676,-23.023587241000264,0.7025701258098822,378059,6,1,4
track_4031,91.15073391237165,0.7528121198602997,0.38475419146804807,0.8092845511714905,0.27926256077986533,0.02694046979623523,-20.2058247828507,0.080358490855744,265021,0,1,4
track_4032,122.6177298523452,0.7534862243118057,0.1924093541753935,0.07449996474035209,0.041530475391057434,0.5536146931133644,-21.89424366928884,0.25215950370884455,317641,0,1,4
track_4033,122.84857374530405,0.3063575361299258,0.3125345434848542,0.12641714724188782,0.39968749736656684,0.21169981606255311,-22.714787410785426,0.5907375400927738,314468,1,0,4
track_4034,83.26278515436276,0.6706199011822417,0.4007508768926582,0.465883522530114,0.55974570813998,0.12868168704296226,-13.96767797292935,0.4518893845731562,228596,10,0,4
track_4035,109.8498715913866,0.7658467761083134,0.5833916605809017,0.19290394795466392,0.25141330110587345,0.09952655449601022,-14.25032256514467,0.3543809032544111,277055,4,1,3
track_4036,170.96543560446997,0.42125403974527503,0.4659601132374818,0.05695738248033838,0.2194593914882075,0.39784496869385055,-16.292017662631025,0.8736480514192124,346662,4,0,3
track_4037,104.47206212233085,0.8012279109933291,0.4625735121538815,0.6279757571139275,0.07744121509281443,0.2739087977177724,-12.818313324228113,0.5740727387126489,235182,6,0,4
track_4038,84.20439161572664,0.5334181935322705,0.8032600079171754,0.4454117668430165,0.5388229722308574,0.27064680620125325,-14.497958246715555,0.17865755639639724,406795,6,1,4
track_4039,99.78712831913519,0.28101476139434484,0.8312288469388227,0.582989365690285,0.2205059782974428,0.07491536249633901,-18.5759288509013,0.3588597739783749,373957,1,0,4
track_4040,107.76531322580499,0.9232472645083445,0.7636450861540897,0.07347720063933255,0.5835318809121217,0.02,-16.61535145965612,0.5463171269709565,256137,2,0,4
track_4041,100.46494857928352,0.17784536094203027,0.4374261645647859,0.31049042977121005,0.5298208999126919,0.24600067039108506,-12.726718576247523,0.03136625997352362,131005,3,0,4
track_4042,104.05935897970495,0.6654122873312426,0.27802863614416634,0.2066761744748721,0.037743191055023634,0.02384397901950498,-21.313414179963956,0.6476860387104915,248643,4,0,5
track_4043,61.69659609189481,0.8002759177417961,0.6964369922441616,0.7315741559452689,0.5360749208102878,0.029895457153997856,-12.24151071674861,0.7432864667132353,350232,7,0,3
track_4044,76.12108574742146,0.36113043169289183,0.15908073789048616,0.2884333885740532,0.23908739230990003,0.4797959978295113,-33.28753838091687,0.6241404962535103,202137,6,1,4
track_4045,100.51994288785508,0.29018763395285213,0.7914418422921975,0.15617225059207512,0.28835756825663694,0.40607579233660934,-14.209515175224306,0.3988994398835082,352893,4,1,4
track_4046,100.0419608993269,0.3820748291990004,0.6631446324952072,0.44003326091447725,0.3599876346621535,0.12534835898858337,-12.104907549554861,0.41931751383716104,378880,9,0,4
track_4047,88.01432175419998,0.9354903808579207,0.8234394713661313,0.06204217615594311,0.22242919361109534,0.08419287222128682,-19.809833249834433,0.7206648327249379,204157,11,0,5
track_4048,99.68959241770689,0.3267433589246767,0.27163989106096725,0.28335488392459063,0.14852458102115454,0.32957145118919,-7.623046917889952,0.2898783972781273,141036,2,1,4
track_4049,106.83044566242616,0.6598817819468095,0.5150705581351618,0.2708051069349289,0.13873249132765916,0.1794222557770049,-7.13926922312023,0.2185318826346293,133418,1,1,4
track_4050,131.68240369573576,0.6954341158876767,0.7143366031690457,0.1122280105257843,0.5691632374795669,0.22153605332969092,-12.74805994356399,0.683376535537099,176838,1,0,4
track_4051,102.02364794321848,0.3845293578735417,0.2538628248072327,0.42407483351528474,0.45856136453400687,0.0697495729480507,-4.287277148499998,0.5408195200927451,203284,4,1,4
track_4052,116.9730961589476,0.3809617725025014,0.7235347680018615,0.060349038725217435,0.7530141392486162,0.1720485541005853,-18.810286642035877,0.6056230735797972,370814,9,1,4
track_4053,88.75199095698237,0.8976301582377142,0.23713244877211687,0.3084078525456493,0.7990329305894388,0.027030759109043206,-8.721438855837032,0.5799836923503293,316643,4,0,4
track_4054,122.16287170795445,0.9155169629997131,0.606988284602046,0.49737077745368097,0.0501780401131185,0.15064835031979099,-5.530052248022869,0.6702069140830405,353537,9,0,4
track_4055,116.2719089283707,0.58338090721046,0.1380228592942867,0.48805546767806496,0.13110746547362984,0.11788240675739153,-20.852810107938012,0.08619720860996628,383784,3,1,4
track_4056,130.97451009539458,0.7443580391206831,0.717994967865839,0.321773135479183,0.23579490424200653,0.19330223852498277,-13.539279859717853,0.4253853665702124,332127,6,0,4
track_4057,126.40381387333463,0.4433244114771079,0.6770083258034509,0.9116018977954466,0.1413209572680919,0.037711045864350215,-22.87126598860315,0.5057796335026846,197098,10,1,3
track_4058,122.66206868643438,0.042328003873904035,0.3149382944147225,0.36294629808495804,0.3920412160748715,0.4299947219436304,-8.989506795005152,0.5639419892167977,157009,1,1,4
track_4059,102.04747774026659,0.29203443515791266,0.44598115599130445,0.15261173268752626,0.51545782684111,0.15702381736941218,-4.000605465017898,0.27908925271370166,127578,1,1,4
track_4060,112.34817681133404,0.05947383755792828,0.3581494269935305,0.35969998992431357,0.4376077420575374,0.1315971284227388,-17.28178581957108,0.7285523335262442,170211,2,0,4
track_4061,136.9052678535458,0.4266369488233755,0.6281941259349934,0.4780626101547228,0.04556894658282164,0.43964148371615325,-14.204001125674138,0.49795566125043517,234319,5,0,4
track_4062,85.43776291791616,0.05138942281400121,0.3162783206585594,0.5541921537766791,0.12709455054205343,0.2995087491360952,-17.06918776284465,0.5510148618161276,168675,11,0,3
track_4063,86.14776663909403,0.20749304949084058,0.7102399173541248,0.45529540706644694,0.26797815687176285,0.0559100763256691,0.0,0.34258823278517375,373712,3,0,4
track_4064,110.44294193851086,0.4538692135423804,0.5831998355881183,0.33622215933517763,0.5653230290510028,0.02,-19.451536902225108,0.11630979034691818,370115,0,1,4
track_4065,117.4583907079636,0.9001643316545825,0.7571550142003224,0.6697103848638614,0.44907606695344027,0.02,-19.47359564431408,0.9431110384386493,158140,2,0,4
track_4066,80.27680502207987,0.6128072820379077,0.290422654934558,0.2685683239937692,0.10834208327882794,0.02,-10.65381560843274,0.8493551195661325,161315,7,1,4
track_4067,102.75712309760075,0.5020132096996393,0.7388864378411197,0.33645524224528417,0.25751740655700045,0.23868718699888053,-14.532073227429873,0.07120899955061036,130676,1,1,4
track_4068,102.18003677313645,0.6802652283913909,0.5041322528959558,0.3891689191934654,0.8018501535581519,0.14104620841946713,0.0,0.5388272045781494,272019,2,1,3
track_4069,40.0,0.4223258893883199,0.6966535979544421,0.2937019208833677,0.3850929783273743,0.08607317310762344,-2.084032194928273,0.16170216260769255,366205,5,0,4
track_4070,98.4121803222372,0.7422126392021865,0.9289950416072634,0.46182333804828385,0.15204046983063538,0.3329321858843083,-10.30157391511393,0.6303209428725052,287028,6,0,4
track_4071,100.28046501454601,0.12096924363983616,0.7060308190565753,0.27513608877799367,0.719906228496836,0.47203554548230736,-8.410946684088627,0.2826933251219591,365679,9,1,4
track_4072,100.19121171530942,0.6207992523206539,0.13860019366944193,0.22014930236235586,0.16810883009210728,0.02,-9.612902025618304,0.5221847209644374,287705,8,1,4
track_4073,147.47742823731804,0.6889366671436484,0.08645585228082676,0.5783468960524405,0.07145672728636818,0.07685305373761557,-7.728017260493318,0.375264121647232,214127,1,0,4
track_4074,68.52605104473375,0.43576858410620095,0.6189654176619253,0.16079041231101104,0.17136206673637755,0.11444888819232073,-10.857332354927761,0.48776815484827385,194103,8,1,4
track_4075,80.26132286386162,0.4681029696935645,0.37888033553729095,0.5144099477740268,0.3834104925426863,0.02,-20.05388354942155,0.18856099476806668,392871,0,0,4
track_4076,40.0,0.5789655784301071,0.20779454005578873,0.5618734265042367,0.26097621866153414,0.03109359466866054,-18.937219883858,0.13417882765308817,172173,1,1,4
track_4077,90.57250001477578,0.1428982352937051,0.8238325363333069,0.3359105228583228,0.12440429000726386,0.02,-8.174646558916034,0.5901184354259671,247631,7,0,4
track_4078,93.13069337621997,0.9272366132232671,0.5629837840641717,0.2422955471556546,0.29485318905213076,0.06070561703223617,-17.009162086586407,0.6014948937660182,409232,8,0,4
track_4079,89.70068470997231,0.29439481783458066,0.4791308765435813,0.6555031261384247,0.11995933271606286,0.2121092732004993,-5.947897140091083,0.9117313629939539,275040,0,0,4
track_4080,138.2303201845128,0.7971744284421325,0.4043350188855468,0.5723922756899202,0.3178908558687666,0.5247931076898005,-9.64142908727535,0.28696411452071136,279319,7,1,4
track_4081,130.8185256701089,0.6144352143497158,0.21873856189955196,0.6602195239160169,0.4537456611205321,0.03196313257909911,-21.11993534291144,0.9050153782623748,414215,3,1,4
track_4082,107.33570172801913,0.10127585895130692,0.49466135080336565,0.06568404557932331,0.012145055227615012,0.020846952673255884,-20.886139219451348,0.3350130482638912,404829,5,0,4
track_4083,93.88160839380413,0.2285376103997737,0.4847672388183816,0.25102312442569136,0.1547560712478043,0.02,-21.83600361597569,0.6081033967892615,257684,0,1,4
track_4084,135.7856900432059,0.24781745635090488,0.7861523192104117,0.06291114779147874,0.38409651462713146,0.02,-9.290418534394203,0.7021191134815795,254582,0,0,5
track_4085,104.40726420492445,0.39273222547993564,0.6570079097593436,0.4388547585412614,0.25878870711608687,0.07824321083959432,-7.016498915753947,0.7474008828343429,369330,10,1,4
track_4086,80.45189883244626,0.39630360672685694,0.7535993833456649,0.4932946062689023,0.12491362455605716,0.02,-16.33673528735313,0.6941977010356727,157506,10,0,3
track_4087,53.51253967546345,0.8838876176223359,0.4693123607400645,0.3803747567826865,0.8553862321573134,0.41896145195711243,-14.027629879464062,0.29304919917161826,226158,1,1,3
track_4088,91.76056518312951,0.40521566676982557,0.5198771544311365,0.5294063140419539,0.6799578525743929,0.04754416646722582,-12.079579463065517,0.6801718883759732,366275,5,0,4
track_4089,127.63930851517826,0.2536892538895257,0.38247604008128244,0.4729656369518659,0.020481628021348838,0.04655383854550127,-8.746747619718608,0.7102835830420183,220419,4,0,4
track_4090,173.2961606862927,0.2114405389367823,0.28356435834992255,0.1138037658203428,0.43864367001588433,0.11196424778000669,-16.094712321286142,0.5390135613197875,387920,2,1,4
track_4091,106.84831038568427,0.7526724618321875,0.2282410681503551,0.4063620973377043,0.3112885977366377,0.02593804686219164,-11.397694025064254,0.5126621318687044,161748,6,0,4
track_4092,82.03933454639088,0.1514809288586206,0.7102552775385228,0.5335152880294091,0.2916564872679345,0.036900859239214205,-14.43901687433024,0.351638585457087,267949,2,0,4
track_4093,69.45104375147358,0.8310512469113241,0.6763308042342308,0.19055523936653299,0.5134611623985232,0.21162729095834948,-23.358035440804493,0.15612416995135953,350413,10,0,4
track_4094,121.55864688916796,0.8424298827688893,0.7281253769521681,0.4996786444978815,0.4237626033145543,0.17855316201171162,-5.791441288250809,0.8313814955661889,188579,4,1,4
track_4095,52.06151842847195,0.3542347917759224,0.43821404713785217,0.5074568218773816,0.11831796337670877,0.02,-12.103317691685588,0.827044818944653,254898,0,0,4
track_4096,121.51035304214665,0.6862936204954433,0.6562488705171466,0.20344961278417703,0.44962907329929197,0.20877419507285333,-15.144896930386029,0.550267716871873,377828,10,0,4
track_4097,129.53134818788737,0.5306965920914158,0.7820396999370197,0.332188093334207,0.4958478418807786,0.47437408819597426,-18.543746630782024,0.09034561192982506,256239,8,0,4
track_4098,118.08838359698592,0.16235536571932438,0.29442974983819326,0.29785950948272233,0.10730039409157788,0.031238638970482638,-18.248778029851007,0.5776663608176821,126433,4,0,4
track_4099,98.41014984184328,0.5513092679474427,0.723840652983798,0.34619535005607616,0.3373114738400597,0.0321736795466525,-22.67661562992173,0.6280540464186565,298115,8,1,4
track_4100,121.94821960640444,0.6815963258413582,0.2853501577366676,0.8747617275456345,0.07180932396458337,0.06537035564119002,-20.741627211128048,0.23509091895977124,265837,8,0,4
track_4101,110.128151133849,0.6424378914640451,0.3649986537321381,0.4858456508540783,0.11241289765064448,0.4037533618410971,-19.62650303322227,0.2261968655156513,379893,11,1,4
track_4102,81.65628474418224,0.5441030120040499,0.783571533541313,0.4665692469595586,0.22500131307344065,0.16033075975827954,-17.331823701117525,0.44720009652684917,327277,5,1,5
track_4103,160.51236967125078,0.08454134316464393,0.6508786338392348,0.34478258441981974,0.19904444332365645,0.16586693458856056,-6.067366334361221,0.30023786618360027,209210,2,1,4
track_4104,94.44961861168451,0.0917123094226077,0.39872351976939907,0.26043050423685304,0.0648294591216804,0.26405876234165593,-10.421165082779414,0.05654613639350368,184406,3,1,4
track_4105,128.27256901349728,0.4724616137899184,0.20212751459887,0.3967006148739264,0.5194167923593059,0.02,-19.516066108685536,0.11801323245990847,390801,8,1,4
track_4106,40.0,0.6495810853937599,0.14725258875459432,0.10344492712782977,0.21170560227970697,0.10695676636290187,-23.56267764379781,0.6290481839502609,395264,11,1,4
track_4107,143.29412648342787,0.2539675511149904,0.5744607925109685,0.097504199555976,0.2633291787165401,0.18189544403952462,-19.504555106900355,0.08683184909644262,321423,11,0,4
track_4108,149.06291233963745,0.5805297278872155,0.2999263379663946,0.6773550796794833,0.5947144405053679,0.25447273945136467,-5.327161758981518,0.7405206875621559,227329,4,0,4
track_4109,105.89501361379915,0.3641302840066979,0.43421044702754097,0.31492803819213655,0.2858537207866408,0.06713637618318223,-10.016923097270912,0.23684471267830226,285168,8,1,4
track_4110,121.76313104213276,0.3796558101819533,0.9747072482852127,0.479304848766623,0.26866279212859606,0.23188702854997578,-15.082353516241854,0.7410152514388274,232223,10,0,4
track_4111,121.75545544822688,0.5407979378855778,0.178653298121477,0.6711925052861445,0.4611896875403818,0.21429590854516478,-14.10208699486589,0.31140434570684017,261859,0,0,4
track_4112,85.71649291077827,0.7179519665626144,0.3455856261488105,0.07879943341915853,0.009946272450094839,0.18802726031419176,-7.128937153853472,0.5588452516573816,402667,0,0,4
track_4113,121.4136691631802,0.22981255333073095,0.6349928904261163,0.2636709863016609,0.5516150468316908,0.04368129405020064,-14.133615227851328,0.6306461026280471,325449,2,1,4
track_4114,80.74108590382335,0.25848563696063187,0.6478423904340943,0.19767950288920424,0.010701802874510051,0.3086720125928206,-0.4061499245035076,0.17311185530998924,297045,4,0,3
track_4115,86.73729229064023,0.7656291077417438,0.41091610396511186,0.5502680849772925,0.25170213211947856,0.08049392441050561,-13.507777365757686,0.5289446762041413,326082,6,0,3
track_4116,138.80829429636896,0.13728597029002834,0.1305627537997619,0.3846487488293853,0.6697016296672159,0.2926475695981761,-19.59008248410458,0.5238574895348119,161542,1,0,4
track_4117,134.23973072100608,0.5936038244273544,0.45515938423569025,0.7540664597304109,0.01690477417289965,0.1424701124828132,-26.122630740207015,0.5581696444109235,196148,2,1,4
track_4118,83.80873493652622,0.29109388407329495,0.7744463777783717,0.1225160342136647,0.325102227081912,0.046177171642150426,-11.349210916803196,0.38595603881070834,220496,8,1,4
track_4119,82.99270969496878,0.16493706523606652,0.47114134147212017,0.38407670068091143,0.07859422435989026,0.051863500594683684,-15.257963081499838,0.5004604691187976,178281,8,0,4
track_4120,85.63210192626984,0.4671032065574612,0.20351414173656254,0.49429955797310704,0.2800767115942836,0.07245118324567583,-19.62389588192544,0.6889721424986002,320492,2,0,4
track_4121,126.97918699396473,0.7994626803887107,0.3185352258418567,0.6062837948863614,0.551801954088682,0.3969270730769785,-9.849605560939018,0.5898195317033048,244223,4,0,4
track_4122,75.00045657568809,0.20457902258571772,0.7389437638566106,0.6051314131442632,0.14725138207263969,0.3733331781770732,-12.379513663630474,0.4879474826916195,404299,6,1,4
track_4123,115.70137917107857,0.6836964706163557,0.8635582892122882,0.48180783184246023,0.2280087812543125,0.02,-16.75703841297078,0.3505395597013922,334693,11,1,4
track_4124,127.40540431902883,0.21783162684393223,0.6086199468527478,0.5377309792796678,0.03173995402068644,0.1643837453717822,-12.164983362253084,0.2384547820587677,230979,10,0,3
track_4125,102.352636491207,0.6694040783995817,0.4636563584106442,0.4287599989138171,0.327611543766912,0.14467862672346482,-14.82393444361451,0.5000126702152445,382892,7,0,4
track_4126,135.30191090594784,0.5161666321222944,0.6989642280710542,0.24358950609588925,0.09619741727527058,0.2654515112273579,-8.454544659840732,0.4800940623139976,177980,8,1,4
track_4127,95.87069491530623,0.4621205850026759,0.3436568405008464,0.3207332733865315,0.16047825762040574,0.04563137596512542,-13.456945813310265,0.8911848201665555,208135,7,1,4
track_4128,98.58433197018257,0.5431508599338158,0.6814599673276133,0.2805545001931332,0.289543413847131,0.06909687819225051,-16.29368714322654,0.17174548922452768,337061,11,1,4
track_4129,75.6826130660443,0.0935788797980329,0.3070916871165904,0.10748613563833925,0.12642339250193949,0.17446183226896103,-6.525472177239067,0.4489090873110123,147496,10,0,4
track_4130,135.51532042860617,0.13453434892590993,0.3149309027653898,0.23723998855785294,0.5024121438668933,0.0887770007926619,-20.41182400455034,0.39434637380139265,125528,9,1,4
track_4131,82.00438659063389,0.17270713803677543,0.12810733700099503,0.4374096689797672,0.17083655105793025,0.035048492701577796,-22.44703356183426,0.6037959191101755,224658,5,1,4
track_4132,115.49315453145178,0.48514813932671585,0.6430250106796108,0.520669698895485,0.024207706728091014,0.24763712517217318,-17.589764974217736,0.16408626935179044,380111,0,1,3
track_4133,102.86051798622196,0.8456554645540781,0.5010750985456215,0.1947142239025408,0.016746829638780075,0.024650563919752014,-24.70813989401747,0.8646968611382251,364560,5,0,4
track_4134,73.41650810665013,0.6530207952598849,0.5216427825846003,0.6790505753367506,0.5651933008251679,0.3086682820602647,-23.219409269768846,0.5936144897487899,406817,7,0,3
track_4135,86.72690568530038,0.765341103137287,0.7343863256227776,0.30993776970727255,0.1647918306182964,0.32828332748475797,-15.432367618627625,0.3726901087624251,280914,5,1,4
track_4136,146.486167171222,0.35597106465039335,0.2753872022306091,0.19275139207906647,0.021475334157513865,0.02,-13.642077663282732,0.3889968606095301,261636,8,1,4
track_4137,111.04972627903442,0.17124472414177172,0.18752785394235008,0.3233857654386717,0.1390739597319159,0.09453706601387944,-15.583987835207557,0.17130653618598113,148436,10,0,4
track_4138,74.72548975899474,0.5787651636757359,0.8948066438228172,0.5526034654318296,0.06594855858638084,0.09178709035594322,-10.978388225785267,0.7018283653393934,262849,5,1,4
track_4139,114.15984862046075,0.5223122789598351,0.43171668452545564,0.1744136898977126,0.04055019753352031,0.23678354403493684,-16.80605389848887,0.6785674389711793,225888,3,1,4
track_4140,100.61657905216364,0.6063193283769088,0.5102266768785885,0.23509483605881373,0.18408834620159434,0.07226143756697202,-25.38910891431386,0.99,268163,10,0,4
track_4141,208.62139206732544,0.4575341558306277,0.580540444096743,0.2496383298378556,0.08721440346765953,0.02,-9.519273977799852,0.4591392117122809,264364,11,0,4
track_4142,113.55371524026818,0.33750105753852744,0.11228705334425584,0.3664181591797149,0.5127601082766694,0.22273383313354084,-14.497607336907686,0.8376369170134318,365282,2,1,4
track_4143,93.58125458800906,0.19658146041682406,0.6909053247724567,0.26374749062247554,0.5615896382361428,0.11200684991984151,-9.817080533261102,0.8157747221679746,408534,2,1,4
track_4144,147.60083753361312,0.6238821985794443,0.7511470852767473,0.6843748114298468,0.6132120174062855,0.02,-10.24685991749288,0.8793358733120122,285164,10,0,4
track_4145,49.768914981214635,0.34425547389007494,0.31948648455118017,0.238490714040046,0.3470605558098918,0.3900998086936791,-7.506071562132698,0.7293860441534704,396442,6,0,4
track_4146,107.82960469143292,0.3770415251537143,0.43826886730124176,0.2415859276290425,0.12521321198772462,0.06877394300193426,-19.3174057224373,0.05133864405382307,408273,11,1,4
track_4147,164.83285484043216,0.4889866403603813,0.587237965817676,0.2631639450028116,0.2200606345091364,0.08882693507784113,-21.12800624068047,0.8294891839100943,247716,4,1,4
track_4148,101.51402146920738,0.743904089340473,0.5441952572054781,0.06312501617731382,0.05061173686842273,0.37426452629892826,-14.54097462885114,0.3855798315511054,216521,0,0,4
track_4149,53.00096866055764,0.40721622816950054,0.6439736120869801,0.20926030374840518,0.6816727742561799,0.027623866591151257,-14.89766076222766,0.23336467926894972,414065,9,0,4
track_4150,93.12246106768207,0.15009762232530352,0.4876624477941109,0.418696825114602,0.11986891502680996,0.18858924422546605,-6.512541494998262,0.4521385011702041,316494,0,1,5
track_4151,148.6355412287711,0.3476498258668269,0.3760130351372875,0.34309840373174555,0.6673773798764692,0.044420859899593115,-10.932407393461002,0.6379859605310948,183728,11,1,4
track_4152,116.28208788962314,0.416808704116664,0.46080941292090954,0.4023927595745415,0.3802018268971723,0.1364327475188617,-13.11133164972042,0.48310941821094816,355146,10,1,4
track_4153,79.83431671462446,0.6392758072377545,0.5309471593781558,0.12139847078209214,0.28856145495982966,0.02,-21.286711238154474,0.32796104512486546,376101,6,0,5
track_4154,84.44271578462929,0.2618855621849916,0.47615600796442914,0.6538876769819053,0.04992188826764629,0.02,-18.2334054883482,0.724850281554984,267211,8,1,4
track_4155,88.2089918655056,0.2558028422067289,0.44510752466077647,0.046001205754081884,0.022442227344355768,0.02,-23.68989204964405,0.39499029982897804,392250,6,1,4
track_4156,115.83593652161989,0.5388022050393791,0.7466061212920143,0.5402785275659184,0.25732765354529397,0.31541446149648916,-18.90586489275672,0.7550162788091218,371990,1,1,4
track_4157,145.1458839881596,0.3611837982102893,0.15679711831270168,0.8469372540455166,0.04921245847614192,0.03203339317421562,-12.899964921020084,0.45087165511957333,297297,6,1,4
track_4158,136.57269038397513,0.72331208851546,0.44925692887468865,0.27256738479136305,0.5412503447532923,0.21766527523734297,-11.292029943321488,0.9182574019042722,200315,1,1,4
track_4159,118.68036546327386,0.11119218061542716,0.38276629581305044,0.5867936473113278,0.39862066889477676,0.05659473300710405,-10.148243236479496,0.45488568096292215,338893,5,1,4
track_4160,65.0506571982755,0.4208688267732972,0.577722907618204,0.20855970681971908,0.36900240554482583,0.2207071600815512,-9.409192033300343,0.5620367996012398,312832,3,0,4
track_4161,65.16202458019677,0.4741834622256281,0.3828276288773971,0.499819723584479,0.7709608419911255,0.23750420544078737,-10.58183817581808,0.800898351324219,339963,8,1,4
track_4162,120.9975606364129,0.3748738229251892,0.3357247768911962,0.5050422827574618,0.44713954525391225,0.04847236396699718,-17.604143010941947,0.42526058921384624,120323,2,1,4
track_4163,64.63586706201318,0.6257662171111845,0.4175775599252135,0.3790182016157648,0.20532168792850622,0.02,-18.580849879114005,0.5308514471894471,399427,9,0,4
track_4164,98.23298936794187,0.42077375953107327,0.4133371230551962,0.6076404406147847,0.238142338411408,0.05351890289930095,-6.199103811340652,0.38682172327069214,382658,2,1,3
track_4165,114.12451338558532,0.3472426119629905,0.532165985923651,0.6066887191897826,0.1403930559742696,0.19182476741128546,-16.338648499156562,0.7270639018962975,122975,7,1,3
track_4166,70.87218013911934,0.7951900725856488,0.4226149034397443,0.2352410595445332,0.5042090602881293,0.021412454156009796,-16.069491210676667,0.560104730344351,392214,5,0,4
track_4167,74.2721299692341,0.48347208361469507,0.46152965722075145,0.4164065944690445,0.022311895182554355,0.09536743026752265,-14.701373452537537,0.6793611709233496,207536,0,0,4
track_4168,102.17636806296544,0.6901276640146287,0.5340294104410079,0.04826135383822986,0.11109280156945711,0.2773030512338156,-22.94664019146842,0.8181191105952594,416552,3,0,4
track_4169,120.10950862572162,0.7154795530485555,0.8836354705166197,0.24717020406821252,0.8527921855967298,0.26901380290436055,-15.097688426569173,0.47675275785296045,193888,3,1,4
track_4170,136.8455631124127,0.5757638252283968,0.3959894725516038,0.6000495553212335,0.3202096901109752,0.42277791251823854,-23.380614247519766,0.6726814633195265,179028,5,1,4
track_4171,123.21160304311655,0.6153325751548763,0.4875540221831192,0.6272434543643582,0.8063328290321863,0.026205925321009637,-10.225197605927583,0.5480710670972828,120566,6,1,4
track_4172,107.20969784976583,0.5787404647392906,0.3262125358540002,0.4181182395107484,0.3047194786318342,0.47483568977226376,-16.652488244849387,0.5539281210417959,333547,1,1,4
track_4173,82.61415739328852,0.8331570066592621,0.11283842485961205,0.7293249068857343,0.052944003652841284,0.1453350819436279,-17.494463265958004,0.19826586932879617,416061,1,0,3
track_4174,72.87279012466442,0.03554261281501106,0.09711053427095001,0.3248731452109034,0.4886559541089681,0.6032939406724158,-25.5084239949027,0.31503311645581766,215952,11,0,4
track_4175,89.67368735012558,0.23616601995415118,0.5181606892882482,0.5148212097309588,0.2170638764028774,0.11124444063787024,-12.07447421432498,0.26735641910075714,189453,7,1,3
track_4176,117.29806754941701,0.6582154491929185,0.5290820165102885,0.36172611117320547,0.10786955658470655,0.14478877244170466,0.0,0.7959919624475432,374455,11,0,4
track_4177,115.09871119882028,0.6256615938753846,0.848108170775617,0.4444049610936192,0.0014653676801781013,0.02264363240117812,-17.430196458504298,0.7100925237360463,232247,1,0,4
track_4178,42.002940428246326,0.6615360902807316,0.26262099383142773,0.4697770151833983,0.13219066501246213,0.0772110177930967,-14.289576243522538,0.27143875341185963,281404,8,1,4
track_4179,81.42968915197491,0.47322438499177527,0.5928522624213514,0.2611124290805041,0.6003142163730784,0.02632213196240196,-4.52587404368162,0.7235567418077754,216565,10,1,4
track_4180,141.13522654818468,0.5235785228709492,0.4051561335650408,0.5947155608707828,0.5234050421660124,0.4355774836927594,0.0,0.18229636188485995,386404,9,1,3
track_4181,107.37645143412418,0.6336619023506607,0.28214710212223165,0.525879038781085,0.04603940897085504,0.37488304627805114,-21.25369025737455,0.07364546111427361,394255,11,1,4
track_4182,62.48973260691042,0.6560467076059813,0.3257787040266568,0.6779916255009578,0.11998821577054722,0.36136549739840335,-6.7334511015832526,0.5354937935802292,417333,11,0,3
track_4183,175.67463544794452,0.7761939898905248,0.7866784882272411,0.19420977247328433,0.6382224114052556,0.34502812637085556,-30.651803590588337,0.6314199541369515,416558,3,1,5
track_4184,104.13174803055706,0.6461701832400927,0.35864225268815797,0.6745335034793518,0.42601160387594444,0.12573990942963398,-32.89163527044232,0.6966747682830379,262203,3,1,4
track_4185,116.53001877940224,0.6115958819154017,0.898951716324816,0.7838051346784844,0.09974652976089213,0.19970839960224943,-24.73033104625789,0.5221183662638288,210750,6,0,4
track_4186,116.98574268135404,0.7159415756017606,0.6658546224492743,0.25442001586566537,0.23586749860070613,0.08586312121440935,-16.22503103601737,0.33106896968184124,264593,3,1,4
track_4187,93.97213601519442,0.4269208090291409,0.5554450810451653,0.2995306911871007,0.3495835904944312,0.34806224074718184,-25.982455740087474,0.474085144659343,419583,8,0,4
track_4188,83.17278954535817,0.5081567824264507,0.8608399435272244,0.653340828598784,0.16577175259534385,0.2793658869232911,-6.13967293466091,0.6042102461526172,412918,5,1,4
track_4189,168.65024955197822,0.7053603400104977,0.8450746894984165,0.25052444623802744,0.4847729829037062,0.05773202900524583,-13.748697276049924,0.6158233490500672,202474,4,0,4
track_4190,135.0961760885325,0.879584602350382,0.2604604398739723,0.5056572398081258,0.18649995340362294,0.34254886414667196,-10.284486077505619,0.5258575742162099,310163,7,0,4
track_4191,129.65811603326028,0.1330618852721347,0.5942321392221745,0.041905821287312586,0.22220308957258128,0.1671422554879603,-16.079069837965378,0.8585334987955274,372510,4,0,4
track_4192,122.28867575154632,0.6136810414622776,0.22995245231087186,0.24421193590840432,0.3107733969958157,0.1573909222837316,-17.55524706484771,0.8409539467795087,403003,8,0,4
track_4193,74.90047828914946,0.8620286528415905,0.23850758320310347,0.20308955073670673,0.005069237733457353,0.19053685657517744,-14.503401611292395,0.616075576116694,384004,9,0,4
track_4194,143.3259057522082,0.754007235765849,0.3193539652518178,0.16447803565309393,0.3553316234116561,0.08065203397382638,-2.311947485763387,0.5522924567319152,339728,3,1,5
track_4195,79.70602025964752,0.6020055462409312,0.20127385692585,0.4427275953477819,0.010732677940337814,0.6038515855913865,-12.80252856191771,0.25029907059746925,236818,7,0,3
track_4196,113.49860394451937,0.5658987924927753,0.14746918298526784,0.19955978620776946,0.5691078617459758,0.19563062471827714,-13.028987082054991,0.47708977950928266,122774,8,1,4
track_4197,55.818302836062934,0.6328328919094571,0.32543870020313165,0.4627740003425775,0.3187045730971358,0.06834936862984776,-20.314511097155446,0.2488609266769015,182747,1,0,4
track_4198,43.774234480574414,0.2567947386772619,0.5281896671300095,0.6533878028222878,0.03774884809766015,0.29536293091163546,-20.020326353749482,0.18494598256711228,224085,0,0,4
track_4199,114.54873607959344,0.8260255522003713,0.658974029851331,0.3881259956856935,0.06248505275677835,0.028968896659473328,-18.066167640890257,0.40954650242276025,188824,11,0,4
track_4200,80.72702198415276,0.06414807179024087,0.26506668048282944,0.5649834903094498,0.7212409513736162,0.07991762544666109,-10.308038522146283,0.5303586337620618,329577,7,0,4
track_4201,45.324972861081804,0.7111260526814374,0.35727478859371936,0.4508979274787987,0.09444248346793048,0.3239252408967548,-12.046015777424316,0.3534989882317919,261757,8,1,4
track_4202,121.21828508841227,0.07231641972655997,0.676218343583755,0.48378001999547493,0.49600436682979243,0.230761083534183,-25.857066314577054,0.5665028586115654,418160,4,1,4
track_4203,168.60242313152366,0.7360952165052829,0.5306727372928353,0.3556831291196131,0.12537287648890305,0.37086008501902623,-11.31346044303205,0.7725227477034864,330906,11,1,5
track_4204,146.68680775740185,0.6119400054918075,0.40735496850175384,0.6932095948132803,0.00944499170942769,0.060203436435585574,-9.683582973410314,0.3816402855460857,408934,9,1,4
track_4205,97.28046344202983,0.46928178469511334,0.15960257529419664,0.1966760799288717,0.45649207151423443,0.030497385322035855,-10.462853525700716,0.6943124633684289,402301,2,1,4
track_4206,105.26535920090838,0.5722132850301679,0.25867286228484837,0.24601440808343397,0.13174038899059326,0.3677567544554201,-10.578986593945228,0.2801100481947454,414289,11,1,4
track_4207,131.6311877035174,0.5087927601856612,0.36811773580538965,0.14018320782154273,0.07974560487293607,0.21010864799626114,-10.426945543661368,0.8074349616587025,240418,4,1,5
track_4208,138.6638405950472,0.02947292378922048,0.1690645976720649,0.690932800051461,0.3964250284256762,0.2760720192522441,-11.797620517499197,0.5857628010113402,165915,9,0,3
track_4209,94.69392843522904,0.40319505581165477,0.5689741628689065,0.3228534256571519,0.6176988568426195,0.020286504136025157,-22.00977737802434,0.7937602430425186,252969,5,1,4
track_4210,106.02533147173723,0.6549915346383005,0.06584787237158497,0.5828561062142164,0.03592020215098941,0.24782676705051504,-8.193479399842381,0.6240715092254112,345971,4,0,4
track_4211,114.0184442029361,0.9005016916362524,0.07555713199915481,0.5760426546846361,0.25613256032232634,0.1746421882044377,-3.6678502642497115,0.15288807018618175,170989,1,0,3
track_4212,121.61628960836495,0.44966972845488234,0.9125336196522301,0.310925309691572,0.5798490177627408,0.08151982149641915,-6.4033956755571975,0.48909474420464205,125023,6,0,4
track_4213,101.007706739662,0.39459347973164005,0.5180728973996552,0.25853937363218443,0.482302588917471,0.08892769740404469,-12.354775797020755,0.4060478060101241,269621,2,0,4
track_4214,101.39744264793767,0.07522629370610122,0.4430355451628621,0.11969774519196683,0.7670259157885593,0.05458504061121154,-14.442990162253162,0.3384283699238131,281675,9,1,4
track_4215,146.39496989263165,0.343907882645742,0.8659464637895419,0.6238034995316256,0.04640119653962857,0.02,-17.764911983399728,0.41957645169421914,158696,10,0,4
track_4216,141.2856210732866,0.5024147585591036,0.5686633641285287,0.3752725162871701,0.5204443062071972,0.02,-25.244692732796715,0.09443759705660594,396003,5,1,4
track_4217,119.32231720308265,0.652199141329626,0.37883355557479514,0.20242397267772955,0.7711582661591808,0.08087023970927641,-8.198666319607703,0.3761551427608533,162595,2,1,4
track_4218,156.57327210068786,0.21712413688811796,0.9189467440134316,0.19119490267870184,0.2800460892594204,0.17310665217072918,-22.895222155967634,0.20731864641602474,356474,11,0,3
track_4219,93.4066271332075,0.7328133288110998,0.8948419936758168,0.18513491332045537,0.38645707008548386,0.10579242090046388,-16.1526847557411,0.6119189853733318,338578,1,0,4
track_4220,153.68920345888142,0.6157613926851911,0.6519505154928289,0.3194131142892406,0.1632364120770261,0.09097163388783228,-16.282130762525092,0.8800945916304984,296888,9,1,4
track_4221,121.27546330606651,0.4905797221809546,0.7427100399209006,0.5737936426561606,0.15389172137962254,0.2713707973024192,-6.462061342233129,0.6539571109758858,276070,9,0,4
track_4222,203.13078366643768,0.8857545302953926,0.57075257927803,0.4673991332584655,0.0807667602768453,0.5017027276812444,-10.013715388346204,0.5625116858396917,275029,11,0,4
track_4223,69.22554219652567,0.534731401918197,0.47378149859495405,0.3695226958142844,0.022361074599300874,0.06608133723109734,-17.68723470919312,0.7930150243441214,340243,11,1,4
track_4224,84.31964243347976,0.721705523139511,0.5570483503390825,0.05881376609005281,0.43784984099678576,0.3686754641778896,-14.680263822427571,0.6634226760735893,341439,7,1,4
track_4225,117.56393484601642,0.6237803123086431,0.6387883757736211,0.8599433822664883,0.06014614683401756,0.20065384125884272,-15.248040750784412,0.501894590625248,123394,10,1,4
track_4226,116.91702158936975,0.5640817829484119,0.5387800687964315,0.3495860938346715,0.23894339646004,0.2472876772827576,-10.256803779532095,0.6606089032100143,169398,5,0,4
track_4227,163.50416952525055,0.43450023214050876,0.6595022417174469,0.6611943424786566,0.30152293916919115,0.1716197953428976,-20.063673974906376,0.6866395037717369,169633,7,1,4
track_4228,84.94875950101398,0.16621227572200117,0.03526533116964477,0.536241409867026,0.2709790829990749,0.09185046906002817,-12.233549731967296,0.6049544122937184,226674,6,1,4
track_4229,132.14755556081653,0.11715084257919524,0.3792039284320977,0.18430577632726594,0.15780175032703125,0.2664452307505954,-15.217927633656549,0.28110932506359876,196013,5,0,4
track_4230,139.87389014045988,0.47696286523577436,0.745296609437162,0.6676219014977985,0.45466819491216737,0.08894541794034841,0.0,0.7415513228354438,408803,2,0,4
track_4231,126.13943496661943,0.5420164651686271,0.12882383237059936,0.3536497403376167,0.5059891131441359,0.02775158416363897,-18.73700256231954,0.5545109388302354,310158,3,1,5
track_4232,76.1701097422704,0.32161166268827757,0.5836394236065022,0.15823237833234668,0.11956460633982123,0.06577248235241487,-6.654930119801599,0.5562133645994698,144903,2,1,4
track_4233,147.23276415762595,0.6913049824770926,0.27203034926020514,0.27501830207611383,0.411783479462066,0.12877341435939527,-16.538471041793123,0.5865621372018432,414883,4,0,4
track_4234,141.87974793946242,0.14399014503907573,0.3938089534663314,0.5058484675822984,0.12108323987091904,0.18730988094568898,-14.541805861392902,0.4288854194081027,415882,10,1,4
track_4235,122.98753559371133,0.45559564413824083,0.5040428915919236,0.4447930747826305,0.0964287215261638,0.18490318575320502,-5.860074386133331,0.1273899224416056,269591,1,0,4
track_4236,111.13043061626863,0.6748723970556552,0.47906718016253785,0.5400882665505,0.11098516628921391,0.18277206789318906,-10.700230616001924,0.8012782324877691,347172,10,1,4
track_4237,111.78324030133113,0.5801592586902514,0.48767218417063596,0.19374199614155047,0.770950908737075,0.03660218180582419,-14.654981354373808,0.20756225372954387,150661,10,0,3
track_4238,102.63792623281867,0.31379718624834085,0.32875874485776113,0.6513296900858946,0.176173758745336,0.030565804874975244,-16.1086156228627,0.7129731932217578,270203,7,0,4
track_4239,124.22355402757925,0.5670787888191563,0.4974075652946402,0.4349759865094886,0.2589701764355142,0.18245032710608478,-5.640719165665619,0.7833625416088448,182285,8,1,4
track_4240,105.93404558834932,0.2570215700233943,0.6996840749858855,0.32709061193213135,0.08375617838222069,0.13484224939791128,-16.12971150698653,0.3593605279419839,345496,5,1,4
track_4241,79.54425073942076,0.6806842356307791,0.16022415768105905,0.12397113105991159,0.16017573896231369,0.2369572777425993,-16.140756986626428,0.48382528564545996,126739,6,0,3
track_4242,73.54225065517224,0.597685759578038,0.7732034815200859,0.23101721970521485,0.017352007450408317,0.11230328706050663,-18.067197452616607,0.652929002700865,341048,3,0,4
track_4243,82.43891239043124,0.4398737196584096,0.454575347238408,0.11458573079961498,0.6441960928217498,0.31064340372901533,-3.1391747445768132,0.3808231070918903,242648,2,0,4
track_4244,111.66396727648355,0.3060548232424512,0.8205975387725877,0.7229399546379385,0.7850907721428398,0.08587147579935878,-21.532072897306495,0.5007067344939956,178094,0,1,5
track_4245,104.19132490694378,0.46394963328642397,0.6715098407428608,0.34862101661826295,0.005900050891404147,0.4275828715199424,-12.270086908537753,0.42324443897453246,329449,2,0,4
track_4246,111.46031379866248,0.7404566158789005,0.6283586083314833,0.2787651578986944,0.16769411745907456,0.03153549681209181,-11.983067976504781,0.5900680752288967,316603,8,1,4
track_4247,120.02439400638333,0.31619689277018,0.10291938460973481,0.8196952592553197,0.25740118370875575,0.02,-21.18264547860326,0.7397751013490771,195068,6,1,4
track_4248,86.18037222249363,0.469233239860948,0.6608751511093321,0.2671459671020383,0.012907352995171524,0.05551393702137351,-15.61925665296595,0.627631115565473,141718,6,1,4
track_4249,148.96980505036043,0.031949819148361924,0.340391930045417,0.49269443968965054,0.4959857666089257,0.23862111332322086,-16.2281677461719,0.46069013154680694,316734,5,1,4
track_4250,96.96867518857577,0.7836261860691949,0.5624601585861422,0.8180948130261056,0.45172556457661794,0.1790560921516904,-17.61920582635398,0.34641214093965994,289662,11,0,4
track_4251,91.99719045655473,0.6776802069224577,0.2101566522424025,0.26398906271929307,0.06398932139950539,0.10875845036856414,-13.359871366279929,0.5922078355223335,251052,10,0,4
track_4252,119.47158711997358,0.5569886099752167,0.38106851553065546,0.07989438800903996,0.05552772153455823,0.355262100549399,-12.11735224062011,0.19406187472590708,130241,7,0,4
track_4253,49.90469392874782,0.684138385978358,0.6775783280452462,0.1843271910212548,0.18641204859098537,0.02,-15.721658581581067,0.1905151843995362,261533,11,1,4
track_4254,81.28396650831242,0.7644606889880694,0.358928034622364,0.08554901268020845,0.3061771914146907,0.4581550948467327,-1.9509842429455482,0.5846233099019689,175392,2,0,4
track_4255,134.432183960755,0.3677946610929807,0.7269010422492437,0.6265578611535242,0.4585243768266208,0.2752942997158252,-17.94237521331676,0.4928943325784018,419962,7,0,4
track_4256,52.87734212813668,0.48233856920404694,0.6375353162835256,0.1781535103982519,0.4277412066729376,0.029963002566676174,-12.437631096497107,0.035504717041212976,304995,6,0,4
track_4257,138.52722590799468,0.31078122881888104,0.22240917093468562,0.44794002097056607,0.16953036772333374,0.38757956058585985,-13.265608084001096,0.1960896667855766,355875,9,0,4
track_4258,150.33409699077404,0.7713275692192697,0.4281250472190772,0.0959802319003537,0.18965203914361184,0.262385505245069,-10.338966214988256,0.39695703701602697,392897,0,0,4
track_4259,93.91633986528755,0.220032359000972,0.81385539644759,0.42031817056791465,0.642437857207561,0.1900264401409575,-12.721690728391309,0.16526836980860946,244193,6,0,4
track_4260,113.7543830227893,0.9495442305828397,0.12770715748921826,0.6064570568840324,0.1875101144768341,0.30421061101727803,-19.01507302675988,0.24477726613727938,161815,2,1,3
track_4261,138.5726125455308,0.3107071034429037,0.6892046383324636,0.10526802936236344,0.7327849557588278,0.1917995310789599,-10.083885104521451,0.6004876629569027,224663,2,1,4
track_4262,90.99632435869441,0.21170541358148998,0.717702782224169,0.04413290511666026,0.14522949504404928,0.27298907871084077,-13.86896830029933,0.2805555018680807,413086,7,1,4
track_4263,131.03326561578544,0.7333771147079176,0.9172576526406556,0.3224456197939563,0.11915838880947803,0.32535974329203127,-8.104333146518371,0.6874412769944398,367127,3,0,4
track_4264,84.86553614607985,0.5718463670017425,0.4655000502380835,0.1732072350589974,0.17876109601777213,0.2667469549795573,-9.282063732151707,0.5279049003484623,189967,7,1,4
track_4265,90.67193120000462,0.5813542462980035,0.3326410845352938,0.5379426619814675,0.6145787121332754,0.07263671031507307,-10.373989694053698,0.13587154625791045,222123,8,0,4
track_4266,81.01990607025078,0.5662558104288907,0.8031660246629176,0.30809459628412217,0.2010706384463717,0.11364506941864941,-8.386886098757863,0.24894361370877455,141158,10,0,4
track_4267,115.2794159758441,0.918166403979357,0.44541804428387133,0.2482489792425745,0.40628500292042746,0.04895265821929513,-17.37543566303842,0.4022478987232715,195037,0,1,4
track_4268,139.7390715769665,0.43259106214238235,0.6320779190936291,0.4304851148859949,0.5679992506490987,0.05104543669752232,-13.426975242876331,0.6990348718380701,355612,8,1,4
track_4269,99.47661203648507,0.06549773960192634,0.22594258008346338,0.3798017031117946,0.20843114711620125,0.040239867865274746,-7.313313150091617,0.7907182334665348,265085,8,0,4
track_4270,66.86252520262791,0.7071788717979998,0.8298150314477708,0.22108487218363404,0.0908174449108346,0.21722776343063305,-12.570463973062926,0.587447217625849,329683,10,1,4
track_4271,72.51879533139552,0.5454017985640464,0.44651751369694836,0.3513077660292863,0.2705022391923542,0.16931953249947798,-18.60025919122319,0.25754742186941887,280097,8,1,4
track_4272,116.83798264111621,0.3360067441741899,0.281911728202058,0.2134952674834629,0.26709624093138656,0.08704670352722392,-20.210990834697053,0.34496422179705355,305335,1,0,4
track_4273,160.32349240182808,0.9373395822998087,0.6311758071659236,0.6564050908524618,0.17630940580571705,0.23991686905743903,-9.347771668819323,0.531662636987188,211181,1,1,5
track_4274,116.81174997943192,0.420299967185462,0.6669227091188843,0.24235921806090363,0.3033779042911724,0.2486424315075215,-17.303197102869827,0.9311399718021894,405578,8,1,3
track_4275,93.39310348046241,0.13212232514058933,0.43001329789936704,0.08258507843542637,0.5360171671145773,0.15058836993089766,-14.300007314160661,0.09682069045717405,211998,9,1,4
track_4276,127.98551900550852,0.43505004087433236,0.5942824648860885,0.4650160135497698,0.007710747948843666,0.02,-5.534640934419286,0.6743124189598472,147981,4,0,4
track_4277,97.81504093239761,0.05210885656687189,0.5235930845672578,0.14060679202929913,0.03564907228428409,0.045505588674836374,-19.034802150528634,0.311872994886081,357595,0,1,4
track_4278,93.6514434790738,0.5817803311540353,0.23759595767184383,0.5960709658858268,0.0396794020816043,0.27648001418076434,-6.887795496056848,0.3713692483112022,164415,8,1,4
track_4279,76.24622682914209,0.5277982912094734,0.6780399005871182,0.3442344838201662,0.24476227006264928,0.39560735309369244,-20.00021376739591,0.4656748161264023,407411,2,0,4
track_4280,147.25346532739067,0.5219732650343905,0.43377310784566764,0.013435820120434778,0.18398469229301873,0.07750718511554595,-6.8037650381599954,0.14197399729193527,355104,6,1,4
track_4281,40.0,0.852772782280556,0.526542115809977,0.36645880264305797,0.11902666284623167,0.45410626711644214,-12.96945088513477,0.37298018252417037,136934,1,1,4
track_4282,128.93577600837807,0.16908364450192853,0.17559770613011846,0.24240208690540127,0.11356717557179113,0.20358939836219653,-24.24548575811925,0.2391012450706741,339889,2,0,5
track_4283,91.0876518660739,0.09494724546619997,0.6753227877973933,0.12367298567020434,0.21075580864438556,0.2739171086918466,-21.301866121661376,0.465296516006422,147207,1,0,3
track_4284,92.68977805645162,0.599903509189268,0.294017034490467,0.5991939832615863,0.5245985889776741,0.1263684245645891,-19.15415270887356,0.4717074010210549,307015,5,0,4
track_4285,155.76945468353438,0.5199877201825474,0.3782349974432922,0.5451437226460043,0.08919397529778351,0.4809046054542025,-13.196415798365116,0.7289043976522764,334619,6,0,4
track_4286,83.57606723399846,0.088756868854696,0.6676261134769037,0.8331555344920752,0.13493613580847694,0.2291520300875946,-7.244378081189956,0.7034851897784369,266302,3,0,4
track_4287,84.5979253791477,0.893386320106838,0.29283214710617295,0.2631356547996656,0.011155723105197923,0.05601291874490298,-11.663733359753213,0.5642899241972085,326295,9,0,4
track_4288,101.08817283241409,0.4004275347823235,0.454683729017435,0.056243564690982004,0.4729452630601324,0.06160188234683347,-19.16423714135377,0.07422422488621616,201390,4,1,4
track_4289,117.41542157436714,0.5684961806140697,0.2700230882134021,0.6767012083959305,0.03707862834257248,0.02,-5.324871465647204,0.4406212597827009,239092,6,0,4
track_4290,91.74432653121391,0.25219727387724983,0.148585339107875,0.5085342652017123,0.3922434412024897,0.05087077928185307,-14.36841320481225,0.2984409977510097,121272,9,0,4
track_4291,57.784232083923435,0.7810530490327469,0.25192140215729747,0.3677450399856609,0.6890452366278755,0.3941663556931324,-19.48740651994121,0.1873407550197183,298798,4,1,4
track_4292,79.02905457354703,0.7348573298597513,0.18092790246550852,0.2803840007603079,0.17524572429493082,0.1661387091066798,-14.69406249280832,0.21943123819807092,230724,8,1,4
track_4293,143.44001569393558,0.2103745598983452,0.5889215442561289,0.10638794022716486,0.06525611588756644,0.4639982718742619,-13.939491535946047,0.5243493357208318,172958,10,1,4
track_4294,107.24330367406534,0.44040579802152846,0.6903486295683424,0.8141267535671491,0.20999920222218763,0.1688648105245516,-19.121238806867932,0.19214459596216696,224635,7,0,4
track_4295,118.53261851111466,0.519567335459674,0.3117922870436495,0.09044661242477853,0.1947383319949142,0.18160736090359117,-8.2902221189334,0.33151359210455794,147514,4,0,4
track_4296,97.15736378480888,0.32468736753262933,0.6608503074071657,0.3260914912668526,0.5001740213436722,0.1684078130059086,-16.171300554291307,0.5802751241383725,308253,3,1,4
track_4297,85.2150691148019,0.6797637005414424,0.7154377389927985,0.32266682478867625,0.2817868876310628,0.3922806062737693,-18.975456688524396,0.06651246329856318,345577,6,1,5
track_4298,155.32708349626233,0.770718878660557,0.5752536317689445,0.629203826160566,0.6886647930907245,0.0816837345441914,-10.337007918788093,0.722867365773712,390840,5,0,4
track_4299,99.35424428846758,0.22096275167965718,0.17914770730618143,0.5996475452830389,0.10481099089654555,0.030237490104517855,-11.623223470127023,0.6411668374401874,326923,11,1,4
track_4300,91.6989036141862,0.787587085690267,0.954794093318505,0.48862314668611395,0.4573861932162977,0.04225743800800839,-9.275884500537302,0.4283401901324543,295813,8,1,4
track_4301,137.88427099066018,0.5812595853417925,0.7661523525949976,0.3037754828425712,0.06293603056815691,0.11264702705945764,-9.41320697302506,0.5657928111045258,208166,9,0,4
track_4302,83.32918923397844,0.3247026178947715,0.389662496241276,0.8288036436280733,0.32137649306826643,0.12363376384305198,-17.96329683584019,0.3732792445144752,399286,2,0,4
track_4303,87.1581796867801,0.6603081068642374,0.29165371116820776,0.46837665017396535,0.17688946241872755,0.19290912420993625,-14.692458612152778,0.15600246013944458,379015,3,0,4
track_4304,105.30740052050695,0.4468280046454912,0.7163978681308415,0.3750682027474717,0.41346620260853645,0.29668167197302486,-27.489209992986083,0.8329196937419031,188716,0,1,4
track_4305,105.0081031226454,0.6810638149306751,0.5458281302712055,0.15569125610193318,0.352259627606814,0.2459725911767668,-13.185848253775768,0.5533992760786485,201207,5,0,4
track_4306,112.78834043709644,0.893034022239025,0.586532379268118,0.830309723042597,0.34031684556540087,0.04163911042083235,-12.558886429614647,0.5315014876053106,392597,7,1,4
track_4307,167.75007268186465,0.7203102418503091,0.5267546779107362,0.5207504759610322,0.008165907444431747,0.0740854594147962,-15.213307570043659,0.7048905880122776,212679,5,1,4
track_4308,115.08744739057111,0.34436067398405373,0.3554494070803518,0.26445495304271477,0.09466452117180119,0.06073593330989539,-19.752826570130665,0.4411631816775404,128445,11,0,4
track_4309,40.0,0.7131832032073371,0.531950490197964,0.5492808704665203,0.25473678345898815,0.1767522831704367,-7.660562746000521,0.611947377364693,272289,8,0,4
track_4310,114.78896830294683,0.6347852087349909,0.5226486620327052,0.5962120334551424,0.47296593953220845,0.09894929529924475,-21.261059400768794,0.6929996530399558,412948,7,1,3
track_4311,106.13639983468796,0.6773388385042165,0.7596811723149777,0.22725714164364907,0.03061706679657051,0.10307654919634952,-4.984622275861472,0.5096186270644422,226111,0,0,4
track_4312,106.30350073054373,0.27361282359283245,0.3738770558818406,0.8170280941405916,0.36252378454878376,0.31191266051649474,-23.117762120366887,0.6661433654564715,189184,6,1,4
track_4313,112.37841928188512,0.38102131031534353,0.5181219549655435,0.8117977765794212,0.3184103761091863,0.030575751740227954,-15.592021007153644,0.478884180669412,387384,10,1,4
track_4314,104.13965136975602,0.3110619412461115,0.7835146837354967,0.45791278698747107,0.10105022527744512,0.3184770475319816,-27.679032612005884,0.45747172107804573,270945,10,1,4
track_4315,103.42163720833832,0.3331738372967321,0.9443641933370333,0.8181483382727835,0.07085923570898076,0.025406805854747673,-18.539874312631785,0.6606059976502533,290437,7,1,4
track_4316,123.39132629312358,0.5980706569322365,0.5059009644266206,0.5644221187316953,0.28002843493744206,0.3678075299118028,-12.553217485181442,0.34621207936835685,136016,6,0,4
track_4317,88.73757608416497,0.6708929339006809,0.7182564811213559,0.1554742450729623,0.00667914825963249,0.03922066219924526,-12.113558563761513,0.21894777447296748,306418,7,1,4
track_4318,76.56940993082473,0.6421346571202234,0.32375416752383207,0.36568857347330896,0.34623451235103564,0.4833055329547367,-15.447260712347367,0.22680181936029611,217746,10,0,4
track_4319,195.71344357867173,0.3441351697319714,0.40888683547153465,0.3129999289421285,0.8318906023119755,0.02,-17.0207513147981,0.6033725295182725,156823,0,0,4
track_4320,83.524276686563,0.5909593332476687,0.6015203063831285,0.3615777078672998,0.13198022367302134,0.03401550946807093,0.0,0.6879197459193047,340744,6,1,4
track_4321,108.0042873738023,0.5110688358591611,0.2950566861832202,0.2342051122301601,0.1435154462402332,0.3923310712328534,-14.496426965293823,0.235652694512222,158381,2,0,4
track_4322,60.13019247373898,0.3246746922063956,0.3288862336307114,0.49617072218309827,0.48855963210617825,0.2116631436355447,0.0,0.7717404538080853,328104,1,0,4
track_4323,108.49405245154266,0.1923899225633907,0.647643410177277,0.5605643534155703,0.033365915288611984,0.3043604024256252,-4.800784556890942,0.8529595592699349,258156,5,1,4
track_4324,77.00323347931995,0.24499157191604184,0.1868128760955391,0.6445961449480911,0.1112469955582713,0.2477852985624925,-18.015745422514545,0.5389833884115492,275352,9,1,4
track_4325,91.72581171449967,0.6810376087773404,0.43190677134958455,0.6951346274122567,0.3817404427158197,0.05040910502645193,-16.916303331774607,0.8190383061368098,290787,0,1,4
track_4326,136.3519399731337,0.7278834752800871,0.641018449190343,0.32860402947432255,0.269972373064654,0.08383380455813973,-4.296516204768476,0.5934542582629762,181007,2,0,4
track_4327,119.16028705134221,0.5338188518014624,0.5338194755779504,0.19994804728741242,0.18459262214088257,0.261449724798358,-22.34698211865068,0.7535574567813246,233798,9,0,4
track_4328,122.05228573724457,0.41440630139561546,0.7077110475757405,0.03246602942389663,0.48954715258002074,0.5191171054566046,-5.590545088978301,0.5375935382543328,131204,2,0,4
track_4329,51.86385484824412,0.4430803323693305,0.18623387923997675,0.01,0.1064309702621385,0.2839344738851294,-14.677996785089755,0.505615803643442,204143,4,0,4
track_4330,160.10685509487038,0.5638876946609247,0.39150713383343416,0.1349459193696594,0.4674513708187037,0.20859999249274241,-28.89375292770104,0.38434434273532014,164508,3,1,4
track_4331,69.24356067174375,0.7275163025494673,0.4794854751080518,0.6770202661933118,0.39373927921983726,0.02,-20.797248154914293,0.5206326264758907,284345,9,0,4
track_4332,150.85682442881594,0.8876408787596646,0.23866637145168068,0.6397620345196537,0.007427672044103299,0.06897296409195276,-15.436512989301715,0.8466873243091125,359318,4,1,4
track_4333,135.64631597944458,0.5591578366320441,0.6037584003842869,0.37013492528065167,0.0520214266275452,0.3046762265842047,-17.09518120654046,0.22425736749700348,243305,2,1,4
track_4334,122.3199822535404,0.2699602956005186,0.18822255302121893,0.08852089827160603,0.26159161643461004,0.3465411046939921,-18.316106750443897,0.15658098008270588,149217,1,1,4
track_4335,79.35045657274856,0.7000299144357938,0.2281184465344046,0.40055827150870654,0.48736257202319505,0.054567169847842135,-22.889242615434824,0.6308688106483863,195896,11,0,4
track_4336,109.54769534458569,0.20857028836641517,0.4031637841657965,0.6494407232775208,0.3776788945157761,0.21160722901337897,-14.211941291399143,0.8564357938893834,194239,11,0,3
track_4337,90.8723576806542,0.1897109460373207,0.9228317670203346,0.16292927231490664,0.03927652704497238,0.16588948353130528,-4.840503682423767,0.6342627194145458,144164,5,0,4
track_4338,105.87118714515876,0.8722334075895575,0.33913024602597647,0.5370593186712375,0.09255266982473442,0.27414926713606796,-4.982872979255575,0.6135381647290938,339095,10,0,4
track_4339,97.50383222743321,0.8803283018845859,0.27499782120116845,0.26676557743991547,0.5872098854939904,0.23446984027292203,-6.75635234333801,0.42601112677750125,188890,0,1,4
track_4340,43.84168480282775,0.3454469488542281,0.6783398681459456,0.21209284975112375,0.35309691077379185,0.17154871058314067,-15.063207624505035,0.5972528958330787,405646,6,1,4
track_4341,138.65352452953763,0.6748593681436623,0.2536790128375117,0.059218947411723837,0.004053877457143937,0.029619899129320462,-6.7050784398035805,0.5896334288034955,323004,5,0,4
track_4342,102.56678530351917,0.3096132606655233,0.23441232650485525,0.37183938173300485,0.13095940930282893,0.09994555455186407,-23.464332074834445,0.7577958793066462,321453,7,0,4
track_4343,90.45598801493288,0.5747589403142427,0.49922433277726913,0.4470239180045006,0.238001252452944,0.10818144056518714,-10.311653837295946,0.6099439048883549,256661,7,1,4
track_4344,88.19018301510697,0.3658270223779513,0.21385173965590687,0.27865314363491883,0.6396151075453864,0.12077227414981144,-4.443834905812388,0.4358648295463224,387348,10,1,4
track_4345,115.75378729100305,0.502534825400128,0.18982495491976392,0.6012201924891171,0.36377674358568846,0.19206172555253972,-9.545468377356457,0.6215816573163364,120819,1,0,4
track_4346,78.18730985116584,0.3655350443438693,0.49590308737056576,0.8582923046282449,0.32239749186428973,0.061275587645006756,-23.731028868671256,0.8431533736689254,202268,7,0,5
track_4347,40.0,0.4781155801996115,0.4391033085178315,0.4132484410573978,0.08177863570834545,0.29107746159456277,-19.36967002025375,0.4564822261190963,289006,0,0,4
track_4348,117.21389409624828,0.6980531455247109,0.8875071233973197,0.2864252547521628,0.2922068209154517,0.02,-17.907251922867477,0.7757295675616165,385213,10,0,4
track_4349,120.57308993870465,0.4770522893135172,0.719477813315108,0.7666708745975135,0.1056745187267386,0.1968633041431435,-20.48272235842499,0.47827470360473906,286656,6,1,4
track_4350,99.01104525967101,0.9112424398931347,0.40014288275512955,0.12378551399028279,0.3520868169097078,0.025583273238599314,-15.97703957252999,0.4569917892415871,337038,10,0,3
track_4351,70.56291374429973,0.1591845789446558,0.2815263725682823,0.7882276821979071,0.47243895650081,0.11375258103621752,-14.604767217832272,0.32849820910201594,352758,6,0,4
track_4352,107.66806622667856,0.5174266779479119,0.3036375583034882,0.19195270646114423,0.8069602250338759,0.04505366558122469,-15.384412004219389,0.3942820116254964,150063,11,0,4
track_4353,61.06402895059234,0.8623248221148119,0.4016963545084394,0.15339432484244145,0.1981104437695242,0.13846767634060783,-19.420279833860462,0.5360916252124749,294811,4,1,4
track_4354,74.18308209937021,0.6159104137253039,0.8294255831394362,0.2649342077274071,0.3199862565908759,0.021137634883466778,-7.361141590105432,0.7458773838201231,372645,8,0,4
track_4355,82.47906190487517,0.22747624548982348,0.187272149812165,0.3635054728715067,0.15462192710928313,0.4268458714920071,-15.100370717239436,0.03975910000040027,303718,5,0,4
track_4356,130.31817212674667,0.45641876594730385,0.15395055830948148,0.1719634600013659,0.0772808154518319,0.036740239255907726,-22.556303060797184,0.6152097553135076,252174,4,1,4
track_4357,94.12167148689248,0.6485980737671441,0.6398384629253627,0.151304905138183,0.38996167745739,0.2604062591634322,-16.68576122657939,0.19382885221179333,331904,10,1,4
track_4358,91.56400764670619,0.3268844557132553,0.08380203465116598,0.46289078807953643,0.46179356814762834,0.4238253689469671,-17.36583987398479,0.29864009172012135,146591,3,0,4
track_4359,163.6407754623374,0.3516229218346382,0.34986941973923397,0.9232657551509936,0.01612078831380221,0.23052706034466824,-24.941120916289215,0.47100929945308717,340755,1,0,4
track_4360,115.57387491566142,0.39089147818276104,0.25142229454289994,0.18700103405925556,0.1117561496512723,0.21339083152752988,-16.30859650768333,0.2564321045953926,160940,11,0,4
track_4361,115.16983531424478,0.5942667379154966,0.1298883017338055,0.34011809180940533,0.3659743039867125,0.02,-6.30424132152046,0.5555149863247156,160840,11,0,4
track_4362,93.90897764373675,0.24357346159911658,0.1889133292207076,0.27486628993981027,0.12085258440132698,0.02,-15.525740747871042,0.20176391571383623,336276,3,1,4
track_4363,87.10884997089667,0.5061714101459907,0.8452558018040472,0.4752778088386277,0.10298011781867772,0.08612913333180203,-15.121962301630335,0.14964057889479618,224989,2,1,3
track_4364,40.0,0.4702448050785135,0.5336152367927701,0.27910911141376465,0.5290823518087713,0.02,-10.708663708641993,0.15862818311100182,164313,11,0,4
track_4365,134.06221595770674,0.2445692763502433,0.1798439824629527,0.30314998405889043,0.23520964213248624,0.47357980183069975,-17.58272139545887,0.16400250276056638,282165,7,1,4
track_4366,118.44929117269137,0.6201229434768316,0.6542404119351956,0.37829151460586113,0.10672837049257398,0.40229002333372665,-20.5550270162676,0.3882074233756877,239768,7,1,3
track_4367,99.6250202035976,0.9198366929466423,0.7195537146964377,0.19696856537573393,0.35316298832469534,0.5450828310567111,-9.796892770695798,0.6629907959654563,148030,5,0,4
track_4368,100.88319894491232,0.4382172659300725,0.2937968008927988,0.26913642449015013,0.1330845132499308,0.5154101506637927,-14.127259648977484,0.19877129814425112,346318,0,1,4
track_4369,127.08432786783166,0.31828617701397227,0.12199719786208628,0.41888390407873594,0.6964608706026626,0.24033280947138175,-24.289552360084784,0.19235975230266394,128567,8,0,4
track_4370,58.35869780760441,0.650656196158881,0.30738327557509565,0.5154974782988189,0.6328081229570578,0.07228075278078715,-11.549384484195823,0.29848029009156735,299954,1,1,4
track_4371,87.30356005338584,0.32289333613299204,0.5986515491975185,0.19096022116286152,0.1817595463102268,0.263393557873825,-12.10413948207831,0.36224825609743744,123535,4,0,4
track_4372,70.9109141132241,0.44688691096778754,0.2676990636105794,0.4104467356302506,0.11043431230204756,0.19428590427997358,-24.50207596532006,0.19055559221268026,232021,3,0,4
track_4373,158.14527847460238,0.5093177496019242,0.47249750813681607,0.6521092944998936,0.41780061895074544,0.05958716238091286,-28.355661121961184,0.298684049181554,267626,11,0,4
track_4374,131.269665955599,0.37229920751640094,0.3692232414455509,0.6973448450159235,0.2162635460959133,0.20139701417673359,-18.010647309024115,0.5226887959039187,324571,2,0,3
track_4375,40.0,0.6929700827025392,0.5530330400022446,0.4061309461437613,0.5791368571192276,0.5321392787903064,0.0,0.7780806527009981,310823,1,1,4
track_4376,59.58715120080073,0.29003163967324186,0.4284344834576671,0.4708728378910036,0.11737050405848969,0.1139054096668128,0.0,0.532377265721215,190829,3,1,4
track_4377,101.02962979927541,0.5833112946260526,0.6179865419219852,0.5371940967364001,0.5392720508149619,0.05890409007637706,-4.922045685120928,0.5577870756647765,194931,7,1,4
track_4378,90.82679363782725,0.5133793283885787,0.4686360658434687,0.5195337581681705,0.09022901174909088,0.026963888951861654,-18.53421145796396,0.5603853218570608,195891,8,0,3
track_4379,65.26853375769335,0.018422011243963424,0.39500385637154856,0.7962974548705303,0.06762600903276601,0.2891824351352406,-18.98625310167944,0.8989751220637822,160699,6,0,4
track_4380,163.34286712951467,0.3916671336760781,0.5101079193511215,0.1452685406759216,0.05044928326489849,0.19225584669151602,-21.79623052024557,0.5143153946662766,247986,7,1,3
track_4381,114.37619741947738,0.5838030534266677,0.8383708505508516,0.1855953685460971,0.2909713395591981,0.33204563078889543,-21.419970053723144,0.8038697374443139,164294,0,1,3
track_4382,119.24448968589275,0.8548294373719728,0.8716083294496577,0.3171989658048312,0.39490463146764737,0.09922047387200683,-10.282422017932662,0.4281302735328986,295388,0,0,4
track_4383,84.23955152303358,0.8564505778015503,0.3074247131584808,0.36157065440978814,0.13807957508685034,0.18738789032010375,-3.5893483738398615,0.261095641368566,146484,1,0,4
track_4384,126.66822441534008,0.30104414060512746,0.45161178396043217,0.4042183667863905,0.19973422171819236,0.2566858516115753,-15.513672590883486,0.7819542053928003,233986,6,1,4
track_4385,93.58701717053964,0.32161406888072597,0.945956153487541,0.31572473131674134,0.6545510777374435,0.02,-17.287667487873314,0.5461334963527045,153241,11,1,3
track_4386,96.49970478877502,0.46010754873520227,0.5230435077246305,0.16005851364173082,0.32031149046377433,0.03530676818809178,-19.546762706874667,0.8822061044343722,148774,2,1,4
track_4387,123.3300587947578,0.5344696712156973,0.6493925738675214,0.37223354224875854,0.51077515788124,0.13369962692947532,-15.302550154829278,0.2551246350781535,361421,5,0,4
track_4388,56.13007304819101,0.7827924943972246,0.2112562425231433,0.1722930136736575,0.27533241459761754,0.0691502831844593,-19.172568100553825,0.38323622685315334,296549,10,0,5
track_4389,152.91083579552947,0.5479168444849153,0.24841371086578062,0.26422072238939676,0.09341670454646843,0.12120670665124549,-22.456491099444776,0.08883034355407853,312466,3,1,4
track_4390,110.47167644171627,0.39782213502744973,0.7197759881294018,0.4969719174958229,0.2851496705370972,0.17631898237571447,-12.917842140663078,0.5291206232136739,395653,11,0,4
track_4391,143.4283262634127,0.3210364056856475,0.7166468856469798,0.34198021645554466,0.5567518009427868,0.38306809528142904,-18.82929090693748,0.7713237717026268,227554,5,1,3
track_4392,72.73740730143544,0.6832029274099388,0.37718387003109605,0.32654265998868975,0.04927883310297172,0.12698059647837034,-17.153665765790223,0.37488477740566295,300284,4,0,4
track_4393,77.30504627915421,0.9174993168387225,0.6913264342635297,0.2807027371354825,0.2961904903759614,0.19063046135541659,-13.913670078800253,0.4906791689853696,227523,1,0,5
track_4394,70.14299335200563,0.604312928919604,0.7349437486510473,0.8670101106364777,0.46840139137715264,0.02,-26.4227487485797,0.5178789111341299,370224,10,0,4
track_4395,112.50893017994517,0.537645357784988,0.2323377250451449,0.3696598523671755,0.08545523085102012,0.19836257137792723,-23.193235361654,0.8579526637043422,381006,11,1,4
track_4396,106.97949905754739,0.6366385050501656,0.8572084768916005,0.5049213127176349,0.20344969056071188,0.02,-13.213676310456654,0.8356769920632623,235729,2,1,4
track_4397,91.06764542306459,0.7117157826208166,0.2395305266891872,0.17032145528142367,0.18573303316653358,0.09615389805778327,-20.982366700184443,0.12345057852584795,307981,4,0,3
track_4398,74.57792421344162,0.6933718147093363,0.7964139958524333,0.15759554892491626,0.10101058757318097,0.15366095779181607,-13.710642572982213,0.24327482545714676,318300,9,1,3
track_4399,67.00211190807474,0.2568874874612889,0.7116597076265448,0.891908009445143,0.10576589877559894,0.16151217810294424,-18.404502459389924,0.11028890430374384,169688,8,1,4
track_4400,103.54548298588033,0.3135925680086569,0.6816317006929288,0.28856673811295613,0.35343062149416654,0.07180220870016016,-12.324876644025224,0.7065556826237546,272952,11,1,4
track_4401,91.032396612342,0.39666295219069087,0.3000093274578936,0.3436408924467274,0.5877483607212943,0.047102680709052346,-23.605185454790295,0.2342414794411121,387016,0,0,4
track_4402,84.43179022925213,0.2010075779916325,0.37996450009151084,0.05966135770597551,0.11651649343025383,0.16347628317993876,-18.97902294885256,0.31511775421446436,295949,1,0,4
track_4403,151.41268458394828,0.555736507674443,0.4543927089424983,0.6314944858380618,0.22517449280020288,0.034745603805316085,-4.3764356176140105,0.5824459641194998,330270,9,1,4
track_4404,102.53022965421798,0.8345808142473319,0.6346379421142094,0.3134309688824358,0.1762898696566484,0.06846288258313335,-11.788485602079847,0.6874103937469241,232795,9,1,4
track_4405,143.10128801780775,0.17191666224401705,0.42541526829374876,0.3432312741546301,0.22457045091170685,0.24309231570306836,-8.437461408717244,0.6892203274757936,189468,4,0,4
track_4406,89.0024345195191,0.7123604883258842,0.1730771622204842,0.4597840823894822,0.371000313360925,0.39026599147585567,-13.94797784922769,0.9336693016137743,249200,0,1,3
track_4407,112.3432885139597,0.46376864572052506,0.3575076307843711,0.5987844949561874,0.2614319355200838,0.29020497596539985,-21.62868908661521,0.6481419625892068,365356,6,1,4
track_4408,103.33571951230995,0.5606939755308227,0.4585676901167625,0.7218205963700998,0.03911164305715026,0.16209093990337367,-18.43913073153113,0.23321699953300762,159637,3,0,4
track_4409,54.07133071445632,0.5382205583758012,0.28735485424618096,0.26829701461689814,0.28344525211540883,0.12764818108749837,-17.930620390943385,0.9009016977021888,243379,10,0,4
track_4410,147.8501491879174,0.7684461513609184,0.7616303975177979,0.949053285485635,0.022956458252033473,0.032005632460046535,-17.910411444586618,0.4934150900104557,142185,7,0,4
track_4411,100.94539178902752,0.44190847769009,0.7784751977213954,0.5013964985932717,0.6358161590397943,0.1950263946360401,-6.146934115562097,0.9371229858054004,406334,6,1,4
track_4412,127.39254658898881,0.4869663137185711,0.47820567585046353,0.3241572285906028,0.012737283777992775,0.10811062264631514,-15.366330488516247,0.3583261637557639,332999,9,0,4
track_4413,82.43913832615323,0.6288045140977672,0.688265148688085,0.5741479973700545,0.21520416356080824,0.11606499637500525,-22.354840245830104,0.4359264062452044,348449,8,0,4
track_4414,100.05466855260705,0.2674930593038122,0.7451293594010872,0.19044923624937982,0.4321366152320142,0.11901772198415005,-18.09092038533177,0.3222840205732084,330043,0,1,4
track_4415,78.99442920229936,0.6252386060019549,0.7989833304707777,0.2562643761364671,0.546606176044017,0.44584836907889347,-11.571343954766851,0.19248540258755262,206022,0,1,4
track_4416,142.0799544829018,0.9414646462361587,0.5116289266544816,0.643300323394145,0.5238674708066792,0.1820705216267988,-23.099145779707875,0.12107718823708297,251748,9,1,4
track_4417,114.34228042352026,0.2914178512358398,0.4459043321659597,0.23712187049970693,0.05934761394108306,0.13713299936984802,-7.472968622409834,0.6660815492526344,352537,6,1,4
track_4418,116.01160580042665,0.6358306787043214,0.36283837778228395,0.47311260253580006,0.7726333455185618,0.21975666623665766,-5.2783561396710255,0.30949150747992404,416571,8,1,4
track_4419,145.74552441314938,0.42922587392951295,0.8002522565251671,0.7795046069678028,0.2500673865393791,0.02,-19.070567180811942,0.4965059144251137,194131,5,0,3
track_4420,139.6902389069707,0.18758900602839937,0.344120097808947,0.6143897316215174,0.44795721967248414,0.13233267575138205,-10.846572470898323,0.1905293099418328,125568,6,0,4
track_4421,127.96027608408856,0.7299869202314234,0.4233884785138196,0.46337125415764135,0.18322589924351512,0.14647085321470987,-8.331221685471807,0.34364184084573535,372058,4,1,4
track_4422,62.34817958887612,0.41105977093957763,0.7698637636666336,0.38687904740293205,0.4519181700369527,0.0790392326805372,-20.137066280876276,0.07370849046911689,400601,8,0,4
track_4423,84.12962641449948,0.1816514588395433,0.606003211083702,0.13790744336167496,0.46616633318203754,0.06526306416699794,-16.532519676233495,0.18199296574395918,218319,1,1,4
track_4424,74.88335591965942,0.6883831330071605,0.7348014503530459,0.21255658996108817,0.07222377977319978,0.06800765149220364,-15.659986513202192,0.49607972637765424,135132,0,0,4
track_4425,126.82601080877397,0.8766899225542385,0.5737965288414065,0.35225237161714595,0.027852546270663445,0.05188577033937479,-11.781031802398196,0.8640121364360479,308565,0,0,4
track_4426,110.11955825250155,0.8844226102827047,0.1661055647862318,0.6287083586144202,0.09523068689092097,0.25084025781907,-5.261780844620224,0.753950530771794,378996,5,1,3
track_4427,63.284626991082156,0.4955859589941034,0.45833736608075476,0.17839122152101577,0.31193734401695783,0.04304561841472737,-15.611493303451256,0.47630381523704374,189206,5,1,4
track_4428,99.33767360966317,0.6183158705275358,0.255491649759499,0.8678942420756989,0.4001964161149039,0.318051399079946,-23.20046747643069,0.124525755051281,398409,5,1,4
track_4429,60.17662992843665,0.7344577789528856,0.3661320025805072,0.22873310071823116,0.3826812483432738,0.44621113867913903,-24.675073955265646,0.11033314808176181,309457,4,0,3
track_4430,103.40530535790721,0.6009276756975931,0.33003367804123424,0.13936704956841475,0.25185848041822345,0.039632147325024805,-18.687770905362335,0.5608529362367595,395642,1,0,4
track_4431,55.33882488038446,0.6572226541031718,0.2462159020325959,0.4371063246604189,0.6114822047702859,0.057453027680139296,-15.801574736068732,0.24825244566413998,185415,0,1,4
track_4432,120.86482480153839,0.20983831472519754,0.866941165498034,0.534908939124935,0.18697131137212536,0.037962568403480584,-6.919117709146665,0.34258526598872696,244403,1,1,4
track_4433,116.3388787810222,0.3296800547531773,0.4655237591243536,0.8003329341335912,0.20325541209782336,0.05924858294281225,-24.53416071602611,0.6347636166348422,148391,9,0,4
track_4434,162.23845480040643,0.8845574004751691,0.8839796336372336,0.4381011709878399,0.29345274123692405,0.19500948885520525,-15.209545043668124,0.4795004572060251,239968,0,1,4
track_4435,130.43619868492027,0.7182462030425341,0.41994782261017183,0.4088179681023626,0.0997590638144395,0.17882728248108457,-5.2339258800520305,0.5775924111501277,178421,11,1,4
track_4436,92.31257232532492,0.6361993753837871,0.7428849991012579,0.10074224087119904,0.6104566846641245,0.17645416745970752,-11.742857414343607,0.2538326058685347,415859,5,0,5
track_4437,129.54210279823457,0.18416130246454898,0.10888509933290226,0.5941762064995533,0.11008125428756803,0.3999448961467212,-21.56130722171519,0.783033698422813,373919,0,1,4
track_4438,63.070083571644645,0.1746204946108283,0.1392112932705212,0.4176559179321997,0.25852516856666996,0.17293503146517972,-13.109403998246961,0.44311309234914237,394543,9,0,4
track_4439,76.12582188956743,0.17779551615383798,0.43491102984959423,0.49620743657608474,0.14266725856991772,0.1633761521377053,-14.4789860321779,0.7252694489387501,160094,9,1,3
track_4440,114.9942759622533,0.4500223976640412,0.6078838122184019,0.37339969140980445,0.01319441487331852,0.38361736677289615,-6.718892399144685,0.36732882438508796,276167,11,1,4
track_4441,40.25251011756218,0.582144767861884,0.7851341974187794,0.5951546745475346,0.46509251122671696,0.1432028376696721,-9.85865187050838,0.8685263799386331,345840,1,1,4
track_4442,103.88517645198351,0.5546740735551731,0.5619515665736841,0.2606227741511928,0.04508255319469299,0.06124059764472916,-12.592365543731177,0.5290518554343948,377807,2,1,4
track_4443,74.39210123644737,0.31394489918501345,0.42961191983220953,0.5025801439178996,0.06262549098262694,0.550669774776249,-10.919085599310122,0.6575807641173538,389097,2,0,4
track_4444,108.0392116545979,0.7452161022360406,0.44861949056157685,0.17936914942444124,0.01209076404463054,0.02,-14.049054173813277,0.7029450888261256,207746,4,0,4
track_4445,72.6679092585821,0.7022286808453796,0.5153468215652586,0.35835963591111747,0.28743352326087845,0.17835868235032198,-18.903210938034526,0.777140482919642,210303,1,1,4
track_4446,117.72744412365566,0.436781532536303,0.15284499093601805,0.2904607061207265,0.009907885185971466,0.04610618402454901,-9.981907004702983,0.25098711030243853,225011,5,0,4
track_4447,105.57982271002169,0.8892975248494027,0.6812969528353321,0.3919619024003936,0.040272709520397756,0.2644924942466053,-18.3592261837663,0.0878256106661922,371961,6,1,4
track_4448,147.01097750643993,0.0692412041130729,0.8704207840835576,0.6698707007915752,0.1614874453724353,0.11517776606199709,-12.160692239208865,0.47637626728100013,370590,4,1,4
track_4449,105.20203602304866,0.35509095978862526,0.3002049487067863,0.32384446019383867,0.28571331058025884,0.22337277881759396,-10.128960698189086,0.30106982450577496,201949,4,0,3
track_4450,81.94071585115601,0.21709357015966513,0.5709647340813273,0.65839022402211,0.3384244156049964,0.17698216643256792,-21.84800555128831,0.8326048962324635,322923,11,0,4
track_4451,97.59342432518152,0.8496696543482141,0.35693737472295917,0.27470141661696496,0.3276961922774335,0.02,-15.679704888699069,0.3451186053186255,230395,10,0,3
track_4452,64.67290808949807,0.45511843967924825,0.5783013164837317,0.3747451094667033,0.6949731627437272,0.35888786970794573,-5.001421620732199,0.4533081668995484,248515,8,1,3
track_4453,117.1841176411632,0.9143393910796822,0.6444483759003787,0.4465692300626388,0.07551736169949298,0.03727655105988508,-6.334412716219629,0.27579727010615535,378713,7,0,4
track_4454,122.69550738945817,0.11914436188977184,0.6639303264498928,0.1705055358069401,0.19834920887408417,0.28587632338423663,-11.761179589652713,0.8150880772439743,334447,10,1,4
track_4455,179.07588110078453,0.19534359068672083,0.8307283188888612,0.3137967607638096,0.7561507860367217,0.10659885185318146,-15.432692780887855,0.5255541015712204,315245,2,0,4
track_4456,86.34492028186786,0.6174869775183894,0.4661501427706154,0.3211772391463876,0.24648716184398872,0.05947795097157023,-15.988146609429304,0.08538448864446863,148944,5,0,4
track_4457,96.96616278974452,0.3298987295609536,0.41410284173155215,0.658773701587532,0.028059767886730102,0.5033527396157552,-18.379009209352244,0.520071437978222,282990,9,1,4
track_4458,87.72724426685353,0.4789042176082945,0.5489284895555451,0.23772470392289716,0.12423019238012095,0.147789384640181,-14.78746910578382,0.9623829099134954,178116,6,1,3
track_4459,111.36341103393673,0.7776031976854888,0.48011442113591607,0.48814305308718353,0.5010707701400712,0.22827424833630108,-6.617681140401087,0.15991240117050481,140217,10,0,4
track_4460,116.4507160343884,0.6184999542767555,0.5039411214140859,0.6770926399297343,0.15028286922174663,0.02141377979487399,-18.14686850678082,0.05199393873712378,345679,0,0,4
track_4461,103.39875466714467,0.22719411858028055,0.5060505851489049,0.5417216785095474,0.3292783897377353,0.2779698311851934,-22.014186907323072,0.7664978448005958,407015,3,0,4
track_4462,137.58977750619096,0.6409162201344066,0.1302422301600649,0.5428640826629955,0.06637221371828843,0.357743878468821,-8.50621887019223,0.8736008651416666,152420,1,1,4
track_4463,86.49061488735667,0.4288817406862416,0.28462170921457486,0.27988171015364394,0.5481697724695254,0.09532292056027265,-16.57599121047468,0.3100271650331134,122258,4,0,4
track_4464,134.58522143672135,0.1725889077102821,0.4181234883563958,0.6107371577091513,0.05862351300360406,0.5894904431714327,-20.29946002520807,0.8064805733994828,170959,4,1,4
track_4465,121.15493560923247,0.45620550341912447,0.35469048005904263,0.27067485823988197,0.24674529065177706,0.3962784935803847,-14.193493933187813,0.07916918600370149,270586,8,1,3
track_4466,104.6391024030316,0.777331840987096,0.9355059171639393,0.23492101470553056,0.42781667037162135,0.4346287556183807,-16.395287012343445,0.22582130592646663,240137,1,1,4
track_4467,95.55190077728564,0.7142534811759944,0.6426366439424923,0.2253227526069945,0.034892095753942955,0.2442936911172675,-14.080101779261724,0.385158106521628,350247,8,0,4
track_4468,177.80003276194108,0.5387712821255417,0.7344853902988362,0.6287286190037198,0.129724094703744,0.0812081118069384,-11.459235575841152,0.565636144502953,259553,9,1,4
track_4469,80.48974047773763,0.7448972537650925,0.43640736978144773,0.3591301729515676,0.06321701863864972,0.02,-12.278702666291643,0.36189831918926624,256208,10,1,3
track_4470,113.93799530905244,0.3648084392573536,0.5586044212076566,0.5272258894311074,0.0037690829713450547,0.03872691502215924,-11.72316247733973,0.2642215583893586,238654,2,0,4
track_4471,82.49342789273602,0.21703493858679204,0.6479366428515383,0.49701594350030626,0.505959985399402,0.14155455111425852,-13.652057070742345,0.7209133531451705,136921,7,1,4
track_4472,158.56862245863917,0.777505732592416,0.6224336560751516,0.2903469407683413,0.5123500579315234,0.16146506081747472,-25.163242748248997,0.3260796924807937,177842,8,1,4
track_4473,131.60478986397612,0.1690026181885437,0.031215130351285234,0.23138765415556203,0.19776915631861752,0.0920583079952137,-13.996114829936067,0.868044378834847,345965,2,1,4
track_4474,84.64950363476568,0.5889444954169666,0.2553845821340241,0.62495876787226,0.6425421712591859,0.1341952585484111,-22.244874642119477,0.82005811272508,232177,4,1,4
track_4475,120.37784980293685,0.8425634229863648,0.6864897373987638,0.3898131481290493,0.20382182876398988,0.15135439436856263,-18.829163975902787,0.1708115900440258,399312,4,0,4
track_4476,112.73087163829666,0.23956975185029644,0.8038833922678326,0.3862090358593303,0.648612907026764,0.42878863640061937,-18.739719960428715,0.904645448890197,345732,10,0,4
track_4477,89.50125714075784,0.2997917914262934,0.3194482565065018,0.7021688378857827,0.11299174339884709,0.08386838429999803,-11.079348498990479,0.4782449913432815,392859,4,0,4
track_4478,127.7449265168452,0.519294759444743,0.7553535937547695,0.40036635937361065,0.3376600862745717,0.12156813408829051,-25.240114969593435,0.46896113686512536,151303,11,0,4
track_4479,116.6791617331323,0.6669801180274478,0.31670283081709927,0.3883180039569652,0.08204013561242166,0.1755893695890733,-15.70665995617324,0.3831879257538268,336840,4,0,4
track_4480,111.47096141657858,0.2520727801508507,0.39548160925032544,0.5305553089676616,0.29142664934710394,0.0893181659999804,-15.086237715297765,0.5984979870766169,211908,7,0,3
track_4481,103.74240866273014,0.17251205474886286,0.07632912884892637,0.4719834488739393,0.5017489663624206,0.02,-9.868783103319267,0.5344517986950195,246546,2,0,4
track_4482,117.93163477798953,0.6661884788778579,0.9076790760379972,0.5836791905009356,0.08834652124846522,0.5412117267483654,-13.925345273111427,0.9497855807608748,251832,11,1,4
track_4483,111.88162984477378,0.6559505599216365,0.29420199032823874,0.2853919897756792,0.255229310830988,0.08674035656699848,-11.246753698846796,0.5815832806428518,211748,6,1,4
track_4484,106.77279999075051,0.22608385055000277,0.23006918030797052,0.676761143068662,0.5780429636892718,0.11131722887921265,-13.831373655429978,0.6577013503169271,266324,9,0,4
track_4485,85.7695225203731,0.7468982565605204,0.25358496717170065,0.5526881060107346,0.5952836407974458,0.08741383079201673,-4.258453820834037,0.2880515559575329,200655,5,1,4
track_4486,155.81298722287477,0.2774616531069224,0.47322832740669857,0.470192568266432,0.5780226563431904,0.10277131313131231,-17.119929877065687,0.26594009002929825,170657,7,1,4
track_4487,73.4874016995436,0.589869294287549,0.35446646902354817,0.6841110696020678,0.04779621205679914,0.06639109082305175,-0.5257885202458716,0.6532456166327666,357689,7,0,3
track_4488,117.82908656639235,0.28212653217067185,0.8407585095019239,0.11109926257478284,0.24569701966040397,0.02,-17.839774764317237,0.23506922493769689,323872,9,1,4
track_4489,95.39277773095701,0.4636539412316898,0.4643894713613463,0.09229983569853852,0.3072381634476788,0.4530145338016572,-9.820333243669758,0.2157731073466186,121667,11,1,4
track_4490,157.786418083479,0.38225523820057783,0.331733175998522,0.05231057577461495,0.4824564744734761,0.02,-5.337453638064815,0.4747372477448507,230489,0,0,4
track_4491,77.89552388328478,0.7484296296331976,0.6770437076684195,0.629599367626879,0.17216443212642837,0.08639083751672791,-15.601328563933636,0.736383046131158,300008,0,0,4
track_4492,82.94210214719004,0.30747734695178147,0.47351992781723845,0.24883339060360615,0.16273476688631913,0.2286642030467884,-14.91134081926024,0.34740326359618423,399795,2,1,4
track_4493,75.90545810214525,0.3566356467078255,0.7320940220991774,0.058827333884329314,0.06398074856183324,0.06084316943619496,-22.538175950938406,0.743429250922404,145174,9,1,4
track_4494,114.7039515285183,0.46921952811576484,0.8696641050682661,0.4753866572045041,0.24207322085615193,0.1846105121797266,0.0,0.5954392974897291,411095,2,1,4
track_4495,63.808480212940744,0.6689263833346957,0.21034184760276084,0.8313281178061321,0.2194195790776641,0.22700943586768452,-15.692863595162027,0.3688306074614647,314065,4,1,4
track_4496,90.64414515726702,0.5780402516889324,0.15449309305628334,0.5419343724476852,0.3593222882258033,0.28262023206073084,-5.862471007757964,0.4048888684793461,251400,6,1,4
track_4497,40.42902531437146,0.7068284610370806,0.3688507623465906,0.3194283181201779,0.4162400379775759,0.02,-18.61407741068319,0.31335577259440645,122584,1,1,4
track_4498,112.21264062384272,0.5179830490347922,0.3161785174502336,0.055740246138798806,0.13603118696528368,0.04064876754995454,-22.74070700949956,0.5122927883844753,418503,11,0,4
track_4499,89.99355423731213,0.3727107040152585,0.6862133236019359,0.5366752392248357,0.11928670272180983,0.4004893424725602,-18.123859973826406,0.8411261513251242,133950,9,0,4
track_4500,60.35829768204441,0.4363873164948181,0.5550443954516252,0.2014680135210426,0.456882699192158,0.10991734231727658,-13.201783284070746,0.3943910325084261,123732,9,1,4
track_4501,137.56828208922175,0.10596750317045693,0.5252540543093631,0.09600329819401517,0.00891098409805796,0.02,-13.555484868369613,0.11352664117751846,356430,6,1,4
track_4502,65.76999304845182,0.8028069986283475,0.15904496328000495,0.30513557164896205,0.05570481971498089,0.050461435450297805,-18.19787362340326,0.7224020036884589,273205,7,1,4
track_4503,128.90831070084647,0.2876189067089312,0.17815201264525013,0.4743223731090414,0.029934743860411242,0.2793936893533536,-16.961188646754383,0.7091290988186999,261786,3,0,4
track_4504,83.96877528036586,0.6860353176810466,0.5982384757369683,0.7494344555489926,0.31406643747637114,0.22999241795822042,-13.37544093121791,0.762054226508758,237591,3,1,4
track_4505,153.04714133686278,0.32037815875868464,0.5348212858689465,0.3894301916191679,0.524750576161022,0.11676437725281298,-18.94573414950952,0.37351298136419653,328441,3,1,4
track_4506,127.48651616778439,0.1418547210874685,0.23779640622455966,0.5438595578493385,0.02505889386053374,0.026160316786734118,-17.037935586988763,0.05827517104336827,305965,6,0,4
track_4507,74.75856387377915,0.7937914278193384,0.49995215256220776,0.25982048869282204,0.39559433789207077,0.12560791541590086,-20.712121030929204,0.4064726905020425,292226,3,1,4
track_4508,77.48752343369081,0.6700025525708706,0.26430768205017785,0.7038567660334801,0.438945570435085,0.07063884163692535,-9.460736532656206,0.6446574972372642,123160,9,0,4
track_4509,123.1657561567293,0.35298017977077467,0.08302690564881435,0.6280846686213671,0.25366408566644727,0.17438932031098825,-22.082732236008777,0.6019693015662407,358298,11,0,4
track_4510,97.128656078695,0.5036423838598213,0.340665466664738,0.8461070049524041,0.1345581852858353,0.22805049586335968,-16.008076984360695,0.519448118325454,147492,8,0,4
track_4511,99.91972478935904,0.8240851417982015,0.4035369949801182,0.17857579732596385,0.043673311516251104,0.12934714961691915,-10.94771713955712,0.4167092451092699,410921,2,0,4
track_4512,143.16716585316294,0.19687617574139346,0.5413899543058214,0.21542908673623054,0.14888575166002513,0.08658500629048431,-10.487924747963135,0.6744287379413226,375742,7,1,4
track_4513,82.53933379890131,0.6523776042546271,0.6562131301311659,0.39804546748626696,0.20986528534807405,0.079380964480671,-20.955883156711963,0.6708345453199291,169793,0,1,4
track_4514,107.73881316526364,0.2030479670704245,0.24032080819199045,0.5924068524441674,0.5387087023171679,0.06678286475633359,-9.414679947226961,0.2719748174860537,240555,1,1,4
track_4515,133.63883380956918,0.09257522064118287,0.8139549208561047,0.5653189579852808,0.009508824961267748,0.023124263128174047,-11.276736695347722,0.885245420763277,257099,11,0,4
track_4516,129.273524651568,0.30991111946362976,0.6482067450697193,0.9163434844911095,0.08699827727104358,0.16338328836659663,-10.082038091074267,0.8868875222880381,160982,10,1,4
track_4517,100.21161997437983,0.2782808265986531,0.7006742865531789,0.37950479230684014,0.16070278374651817,0.11437331973927474,-14.742345194589134,0.7533214647070685,260334,10,0,3
track_4518,96.33282357442025,0.7519988396195264,0.7201877517542122,0.3715711044784078,0.006604003888614164,0.05835561915986265,-11.362868874939082,0.48130603971569513,169221,8,0,4
track_4519,52.835536124372055,0.3632239393579392,0.1324043990291263,0.09391714316304214,0.03815618963614167,0.055650626066428475,-10.437560354531424,0.03584544759110121,205859,6,0,4
track_4520,73.31265022004413,0.3165324386666959,0.8221733125119702,0.40732680128569865,0.08005681710429323,0.14300552803863378,0.0,0.6859562873530293,348848,9,0,4
track_4521,114.55077679724201,0.5044485189408736,0.6994404130559874,0.3781872794281805,0.5523296766705884,0.15969948358529082,-24.34146805192443,0.7831531717334039,278908,8,0,4
track_4522,100.86353433173292,0.8310985036280992,0.43867604626842704,0.15280182677622747,0.5824247922743139,0.662033519785091,-11.545905850924738,0.15200062237346965,170131,0,1,3
track_4523,107.24781235698678,0.6908458025057156,0.6713996062756566,0.49980599038018797,0.668472518038927,0.31735829985475494,-9.64837083033035,0.5990540750521037,164249,5,0,4
track_4524,136.1776082890218,0.17959194851195842,0.817821616729559,0.6921264751062562,0.17646997992950278,0.24401390485674082,-12.226868316254222,0.06353452163098806,173983,9,1,4
track_4525,69.38030672813176,0.6798189614973111,0.46569789685350177,0.6187902691858255,0.12914314345311795,0.11704809558275792,-7.932979809694567,0.35513534147090764,401679,0,0,4
track_4526,97.9145909330205,0.7285403662319233,0.3731814277738247,0.20364764962501142,0.08754629247004156,0.14967846216814384,-8.249216908233649,0.5921830270412303,196257,5,1,4
track_4527,110.66132890233654,0.7193242169752266,0.47559306514359284,0.6094055068829838,0.07933112357213493,0.02,-11.851807983932726,0.11471984221215686,178350,2,0,5
track_4528,83.87520187276452,0.6028490690610685,0.6009196392054214,0.2811421162677406,0.6716279071788013,0.13504448180616216,-14.600526169651898,0.7269956099398579,257317,2,1,4
track_4529,147.9443134178225,0.13893951557734616,0.43938492734274576,0.5015224148771066,0.046634172071571,0.26463993949447134,-26.347752743581943,0.5049772746653278,335415,10,1,4
track_4530,132.25760404839443,0.5235037256409053,0.4444141950994905,0.20643770358400632,0.34012395126042355,0.08983781256139267,-0.9661820718539325,0.5753788102140788,248994,1,1,4
track_4531,113.70399981266266,0.644014369019516,0.299079522625452,0.09000643240487181,0.026300275475282974,0.02,-27.82029770138316,0.40577521221094953,174486,7,0,4
track_4532,158.8269533798576,0.5854972582245742,0.43280463802781577,0.6080159358566702,0.7234271280883552,0.19355246995334902,-9.999474525090006,0.7759198860542641,233487,6,1,4
track_4533,60.03314161169573,0.11643488289609497,0.16411012458316038,0.289489761357127,0.17683152864850227,0.05259051368127164,-11.622776806831451,0.518850245371036,204899,5,0,5
track_4534,104.76821156682955,0.38334337432221016,0.4193524700236478,0.34813785340474074,0.2271836757486857,0.12158567444074606,-21.627612287080517,0.6476081777305162,167631,7,0,4
track_4535,115.99010906802184,0.366207577092625,0.48332112825407486,0.3134420787907503,0.30522528221436523,0.040853087685105705,-0.09012230603136473,0.5751154611168195,368875,11,0,4
track_4536,77.56334859618234,0.8391363438369137,0.6448697423983366,0.34346042417900896,0.12383587980888278,0.10468616319271265,-8.227904086574629,0.9129280455155199,382809,1,1,4
track_4537,114.02143625453185,0.6377090887297869,0.585430819406249,0.39148973258021813,0.1280434300033983,0.02,-11.805937265702315,0.2752062943942596,371410,5,0,4
track_4538,71.80252518636365,0.7036959980991722,0.5097419114610457,0.14763145487388046,0.04591520269167992,0.1319811885137449,-21.418129441741343,0.21910986837716728,357514,5,1,4
track_4539,125.71671954822759,0.48511596891306147,0.06482030268191724,0.3558108990333658,0.12335422029048757,0.13402464552490823,-4.366440004907496,0.46932279526245824,136277,3,0,4
track_4540,136.7350430438672,0.7379062391518766,0.37171009618896894,0.400628909108655,0.24546105143188185,0.02,-3.9562255189116655,0.8488263701955957,135143,2,0,4
track_4541,113.17000203384985,0.6639716460254682,0.7373770529820588,0.3997100216323176,0.27829117118364727,0.12006385865870015,-12.621531206498384,0.8184805244410547,217352,1,0,4
track_4542,49.41606554805163,0.6085493644345467,0.20768199320433214,0.7504389633025601,0.6201923978082184,0.0991924898593798,-2.5235675936955797,0.3674676336728067,160709,11,1,4
track_4543,75.99619436501897,0.8458261001730588,0.6505510316302952,0.6200457606826071,0.022552112057810676,0.05102611690429807,-12.2818931687071,0.0809585528624626,274774,3,1,4
track_4544,121.94130009639483,0.7952465668323913,0.4889194907141875,0.2821656933832269,0.31363199557091426,0.06803794644310045,-11.231245757040762,0.5151097088542155,325220,8,1,4
track_4545,105.63595930537097,0.789317345614587,0.10678072347314395,0.5334268283322711,0.4486790782116442,0.03399953791772232,-13.966830465162,0.4326666795320806,359290,7,1,4
track_4546,40.0,0.5237561550173296,0.09271701641688836,0.08690889014290883,0.28950235800414953,0.1277945129414559,-9.09670133633127,0.5107316276744558,154833,4,1,4
track_4547,142.2849115160472,0.8728216002341179,0.7220030057978405,0.242079955544486,0.20826749266899364,0.028013603515740407,-10.280329718220528,0.391153191197249,156098,9,1,4
track_4548,109.09969518761497,0.9608690708249932,0.2686835882327623,0.4653540154473601,0.09526522387168292,0.029259731992459955,-16.87258914109537,0.799805714830298,311582,8,1,4
track_4549,80.42776007999865,0.3010543461925332,0.30705941810073245,0.7099789404097134,0.2610234350395393,0.2539422400721405,-20.577272193168305,0.7411288013693408,239363,11,0,4
track_4550,134.84866792699992,0.09650273320044402,0.38526158296666435,0.15317487512967873,0.12942222792009972,0.1815307517771738,-14.956927203730706,0.762121065465795,377672,7,1,4
track_4551,84.67379961279303,0.8882318983051686,0.42027310292545605,0.27837204136683863,0.6648011046821257,0.5070095805766459,-9.41168745574423,0.6186364097538317,380308,6,0,4
track_4552,84.34643647187356,0.5700248958595222,0.4167372079198503,0.19560494199799314,0.01570619519989545,0.33256218982424707,-14.857045082723392,0.4927532914561688,384888,7,0,4
track_4553,115.75057953042108,0.23418572006129462,0.6155771575887168,0.3968366229251655,0.06477100116172707,0.08428082688734281,-19.42758479305135,0.5821096398020569,345409,3,0,4
track_4554,158.43115377726883,0.25454264522151526,0.5116908387554076,0.4618992285764907,0.0887104492747201,0.7476812839672133,-14.2820998743505,0.7299521471678945,120252,2,0,3
track_4555,153.7076153391866,0.5098734946520492,0.8200078733368422,0.6491798108616228,0.2665719833818153,0.027030793510933005,-20.90074156758716,0.19658930000995492,141116,10,1,4
track_4556,115.7913449671232,0.2681253327512899,0.3634291479114099,0.5328712069898267,0.17306084874587013,0.03093603481553874,-17.185682399127074,0.717106536435857,318035,10,0,4
track_4557,118.87156976550959,0.49506343902620403,0.5511835233699014,0.20663298414959258,0.040844665472406005,0.10265794452602221,-24.78298381660129,0.36926502108954745,288933,10,0,4
track_4558,128.74496796254476,0.689259273367652,0.8381593169573531,0.5324778600784497,0.12420570851317357,0.13724763313554006,-13.148021540983082,0.6577878302461795,336718,8,1,4
track_4559,67.29048973891952,0.13092684779314956,0.6696821699122244,0.8712420092632142,0.10447767861754856,0.06414815157972523,-9.171254603630384,0.38199014224343475,334022,8,1,4
track_4560,124.32445011455948,0.06452937423715882,0.41095635758842614,0.7276693376222418,0.0638225784342067,0.1391060040656175,-13.695900122184398,0.10337349019796332,233412,6,1,4
track_4561,82.97779595569415,0.43139469936345193,0.3837628147463169,0.30160983600136676,0.2279812490710962,0.1043103605396751,-11.50488247830433,0.45263190542454845,336360,11,1,4
track_4562,114.55434200389742,0.48889108895979727,0.6186056072417082,0.32558444554565885,0.20802315623217382,0.2989239136216028,-12.95190212471397,0.53866781352945,244467,0,1,4
track_4563,98.17597117177988,0.6515638113199873,0.6975964386899974,0.5612619844183819,0.15408933322322638,0.02748405438375769,-11.054340840705564,0.29241536258573636,298880,4,1,4
track_4564,120.03624981342644,0.18788937591271426,0.868138597222913,0.1700973378667351,0.09058878587085514,0.37808464966306254,-10.329396939716794,0.24967049967168636,174689,6,1,4
track_4565,108.5431039501938,0.639019360272166,0.15854190360456882,0.5402606782571143,0.04479923147912895,0.09134743681006995,-10.203160922858075,0.8403329162151105,233452,7,0,4
track_4566,40.0,0.6166574288792821,0.1550782705152216,0.12198346163239292,0.19069743453380103,0.1505530200483216,-7.023695587460695,0.48632289287241287,179625,7,1,4
track_4567,110.36675135115541,0.7767576558710482,0.6648319968489983,0.08500802121607215,0.2561022438513206,0.04856044936804887,-23.636148993544822,0.7305108348594718,384203,5,0,4
track_4568,124.26458856897789,0.7404506691764078,0.7124728080588356,0.3228414366454043,0.11438197507948505,0.26771493295949467,-9.284914326288263,0.3452054971460371,386718,6,1,3
track_4569,118.37785045015362,0.4709716112555578,0.9439218590128754,0.07303095987996365,0.017436506013001504,0.15035891288546027,-15.31147840774287,0.6967060029367308,250142,8,0,4
track_4570,101.92242161374261,0.6048235698462772,0.7578339233029977,0.3364158085487879,0.2136001777625519,0.020722196887599617,-16.852304269061086,0.8683290101567359,264264,11,1,4
track_4571,154.2648507579122,0.4858142640324852,0.4783859867274021,0.016002151140283204,0.3724785229264353,0.09771358089111339,-25.601694078329828,0.47157985821995835,228598,1,0,4
track_4572,114.34119387364983,0.45802371977907247,0.4545488476945908,0.38233075246778936,0.06316143298649003,0.02,-23.515325669661976,0.7444019681904767,401900,8,0,4
track_4573,118.13019900579319,0.3118347333650815,0.30541868503708397,0.5252150829357665,0.5408790236582556,0.09920320447006928,-17.01423574246205,0.10983416962920486,259344,10,1,4
track_4574,136.33475682151706,0.6827410146581032,0.7986948957091731,0.8918222590073357,0.07757018420620197,0.13018460322604591,-18.98557827865686,0.13322735551463824,368412,8,1,4
track_4575,115.87778999089797,0.9189218917867309,0.47166721278999935,0.36080488102524694,0.10317191661102824,0.12543757290083424,-8.025849342659107,0.8147508392262791,375093,10,0,3
track_4576,78.0594673975739,0.12264101458405027,0.4185077920928216,0.2689963127504433,0.40459241774862875,0.4163869502379661,-9.579395773987176,0.6876067434984985,285086,7,1,3
track_4577,40.0,0.632507406934397,0.5226580627628777,0.44977145916112937,0.19891621793775222,0.48599106176211887,-4.980940486084204,0.5978323035829332,258900,7,1,4
track_4578,90.68637293945756,0.6130824851166472,0.3583982962667766,0.3564260763830277,0.32880225616405356,0.26881453650506454,-14.919596213277405,0.2943380569427755,370341,6,1,5
track_4579,127.8283657764335,0.636867490779422,0.25792102933204375,0.8348860552371841,0.3237708280295271,0.03977282744513658,-10.07245556915985,0.5535451230275495,327665,2,0,4
track_4580,94.40711005746583,0.2394403513899176,0.666401194327076,0.40227018047805996,0.14888315496440147,0.02,-23.447597614760053,0.25191084806727293,141906,2,0,4
track_4581,129.03535116845188,0.11673027632010806,0.5333894113301337,0.4359715497942966,0.13878183230964927,0.021575999752211427,0.0,0.7776023004040266,340587,8,1,4
track_4582,109.46184527760819,0.3584832996143961,0.4235028508488923,0.10954657518619616,0.5568326211308288,0.02,-3.222148541454951,0.5237606083258619,305373,8,0,4
track_4583,143.64198210786554,0.34874752252915714,0.5696445264460392,0.31132147425277934,0.07491765020372315,0.10303035489807734,-18.972026929231046,0.6830471193886205,326661,7,0,4
track_4584,96.14349878638016,0.7133208218979108,0.33069699293594923,0.16755183512152297,0.5313915066270019,0.11283935159237198,-4.391657280746507,0.6334707288706484,171744,11,0,3
track_4585,119.02844479703064,0.598684820675305,0.4770405368525768,0.2829232610248794,0.1881794327876128,0.09495216801127915,-20.90076371561755,0.5584600393289637,331951,0,1,3
track_4586,120.17655193606078,0.47055816062203076,0.41747290004692555,0.5391126034761816,0.49262231485829455,0.3303366411536937,-18.042316674065333,0.5177343259749178,264285,6,0,4
track_4587,150.04805617893578,0.44814348888708383,0.3104237359713192,0.3465011475467687,0.14180096406736906,0.30162235313262564,-13.942412500895772,0.9770262100519461,229419,3,0,4
track_4588,53.800880809971666,0.8044002566796595,0.2559926695424817,0.7440032229379239,0.3262237151895681,0.4237466835110186,-19.259056835916425,0.12197130722633444,324943,6,0,4
track_4589,91.24775176340528,0.419859628079335,0.5113390070468923,0.1251484659551411,0.10018744843043834,0.2015637141549378,-10.367191522748522,0.765794231093618,124776,0,0,4
track_4590,130.4554831616551,0.6607697157531303,0.5276194575224562,0.4291832346318253,0.4615006439669351,0.3271120085842292,-7.175415224442804,0.767417264623836,332141,8,0,4
track_4591,151.37689439335944,0.8838790770950944,0.6328553575028893,0.5301918926853999,0.5311102997883241,0.3008683894907595,-22.51623032967411,0.3553599319317812,349298,6,0,4
track_4592,112.2021453792624,0.6103089372234192,0.6859511285834528,0.05677379134199227,0.2019766596103445,0.02,-13.288842908386535,0.8214477279204389,265206,2,0,4
track_4593,96.21887506735538,0.5144347920762403,0.2044970116869109,0.7138977890421995,0.02574139028607026,0.09752744342989679,-19.94155294313959,0.27298507653862364,295660,1,0,4
track_4594,127.71355106023334,0.1229481783131683,0.70554107476147,0.28269311353769605,0.2097207277081329,0.15459405234549817,-12.351411288667059,0.6376297691286176,146033,1,0,4
track_4595,131.0610802569505,0.21273400404278223,0.6735310780497947,0.587538815663889,0.47682670910232877,0.3930928102998472,-12.210933552588497,0.2662026765333347,391596,3,0,3
track_4596,94.21014963998078,0.3344825658312427,0.2913608941140903,0.600936518238135,0.49025511404756555,0.2271711360240031,-17.822802059592664,0.1340914426561536,197400,2,0,4
track_4597,114.90921936532638,0.8584473111144066,0.7289841079250339,0.5611711139783204,0.12608472196203402,0.15804371650406315,-14.985362670017107,0.34029708146374354,326712,2,0,4
track_4598,140.41581787235907,0.8146751687798666,0.8077478428961803,0.3688196301293383,0.20151143427885018,0.02,-13.38062273579402,0.2064562897712919,358299,0,1,3
track_4599,161.71376979823356,0.5518913257392362,0.3456115601056416,0.2988500351500019,0.1569189010471517,0.062408857825473535,-18.105370131282946,0.8067964757336121,135600,11,1,4
track_4600,127.27814877705876,0.2078873399110688,0.5656952229214711,0.6908134123190108,0.32137730806763504,0.19155004804856982,-24.046652507485422,0.7712443088025797,310114,2,0,4
track_4601,106.32416689996779,0.5496298819042329,0.6662510141276614,0.6456269894314131,0.1709207802580536,0.09082397819546419,-9.345497624458037,0.45000627206985055,333044,2,1,4
track_4602,103.37774471886276,0.6077285881263477,0.6913151497733266,0.497057079547455,0.10450689883937242,0.18432165791500807,-9.389619361767872,0.35620698179507215,236325,2,1,4
track_4603,121.72189671580868,0.36960852195138993,0.8297790550347188,0.3000871075049601,0.16177041490679034,0.10570152294800154,-9.6671784556302,0.9028295448023949,201643,4,0,4
track_4604,101.52981472561649,0.8110216001577163,0.8004519548686564,0.33194213648851445,0.06574523661964364,0.08033277674534353,-19.957056108198866,0.2724143578762204,224011,11,1,4
track_4605,110.68921497067164,0.8323707338138289,0.5438274114484436,0.6706770871930566,0.056977263423741056,0.178866611844859,-15.395797448547688,0.5190044331752405,412981,1,0,5
track_4606,73.26371206407376,0.3858018418361302,0.8810384585233956,0.1525657824856702,0.39733192150829444,0.19846016592041543,-23.783741945749725,0.25445940027169645,238554,11,1,4
track_4607,143.91171589473475,0.5917961152712977,0.8062680148395152,0.39848312724161,0.3758981594950979,0.16596790679987225,-1.4838297361332415,0.5698728037010464,273853,11,1,4
track_4608,70.79445818553964,0.3450908183539955,0.8155665216814137,0.6825872234271843,0.19789092973476236,0.11386779750406198,-21.971681489519703,0.17047899344913706,350320,2,0,4
track_4609,92.03664718640962,0.36976665874391135,0.5984961792924484,0.27645925430922447,0.38357597712496355,0.07833999281836085,-6.48950736712003,0.6165440498109662,261935,6,0,3
track_4610,107.92779782555442,0.5118664640145357,0.9083739750572472,0.09439756119858539,0.04910636342246558,0.0799999448439666,-18.656807358200243,0.8553768484155347,150101,5,0,4
track_4611,164.72960639665916,0.29712363074072595,0.16265689030953293,0.35801403997974185,0.2014861745940528,0.02,-12.183546944547636,0.26014676687441224,255086,3,0,4
track_4612,92.31951045443017,0.48117767584220844,0.31407999911423257,0.12172105817527977,0.04459178845923169,0.19038604910494292,-15.541205301879762,0.5575953275618846,213615,5,0,4
track_4613,85.0195255811881,0.6973148974746927,0.3963521222365635,0.1654578768087932,0.14645902733157606,0.11707534426372511,-16.313017391371847,0.0913812140063336,185411,8,0,4
track_4614,88.47549247998619,0.16312050411402587,0.17764956129206003,0.33476089566582745,0.15223826105558388,0.02,-11.561211187036939,0.6259178246533044,394531,10,1,4
track_4615,154.76691502833938,0.405436695850629,0.3349918572319933,0.2731541410169635,0.38378034588231075,0.03547553445402778,-17.311224825710777,0.33416972835708475,244382,0,1,4
track_4616,40.0,0.8187695910100391,0.5880881203661648,0.31682454233558516,0.26506545812895227,0.11541672903952765,-23.680690681395156,0.6271352958583429,215173,11,0,4
track_4617,74.91785963554238,0.15128051147566574,0.03615603932406595,0.4156656497786721,0.7400133287285618,0.02,-14.994643945710521,0.18249008432659292,247456,7,0,4
track_4618,186.93866127478657,0.6351943039776045,0.38187064164044887,0.23981738085096532,0.40040767531767013,0.02,-7.313300544232945,0.06264661633288797,144437,1,1,4
track_4619,122.72646220474911,0.43154743959024816,0.5171010591532187,0.08650231187856347,0.7074942506639169,0.18773408127329713,-13.901019313980003,0.7045208033302566,391224,5,0,4
track_4620,71.8204515198234,0.46833958493272554,0.6034712570984391,0.5264584204372624,0.291438764863057,0.08070811149994246,-19.640644505337196,0.6592645736870528,236157,8,0,5
track_4621,103.74246053475686,0.5420679586174303,0.280653226431971,0.7351989658283206,0.48729165415483644,0.02,0.0,0.5268478185798336,127961,0,0,3
track_4622,107.02363698203585,0.04761793969881016,0.12043997441693212,0.5698470663087966,0.30025195662022053,0.1134725884565047,-13.950194330082523,0.7697136305073305,342842,4,0,3
track_4623,130.38375737716817,0.47372244140426684,0.6436672028272145,0.13232951573675242,0.5485222977240187,0.26174706329105196,-19.102472347144,0.7040404261029661,315303,4,0,4
track_4624,160.1850600846769,0.34075122388542284,0.3129929797857316,0.6578993641482065,0.4288110395733551,0.3180680683945892,-1.1104993321389536,0.5654366164233485,258977,8,1,4
track_4625,116.65655043837646,0.680401725366122,0.23950097353468716,0.6113488036539758,0.7381684258151968,0.4514589888475958,-24.392551619059333,0.4040763421908826,225239,0,0,4
track_4626,88.80635090961118,0.5130281360965407,0.7962595799360384,0.5822335226847107,0.22273465692854078,0.21276282434161858,-19.59336018353794,0.33306671735803484,306341,1,0,4
track_4627,128.61253326294613,0.3681033915896996,0.6372625398647158,0.32762523115104547,0.15553635722149595,0.13511539540320036,-7.8704865177738235,0.36427986873486556,245868,11,0,4
track_4628,84.05241909411417,0.3279408845614415,0.5046909022122767,0.09473479888653857,0.003115523394077021,0.12264603566587721,-19.692306564306513,0.6888966467019516,152388,7,0,4
track_4629,73.99987512032912,0.676330250656176,0.9535561559023013,0.4473249828620582,0.4008845855609332,0.10947837164181574,-9.615891072829537,0.3559639559698288,402015,9,0,4
track_4630,52.202733841306646,0.9538196612089035,0.7125450346902598,0.05901495487647972,0.40025936601763984,0.22952905148304695,-8.85017175231253,0.13834796880842914,120848,2,1,4
track_4631,58.046148164987976,0.7163090693579964,0.38046141071186523,0.8411076628327657,0.05583563606442052,0.06248790489047233,-1.5887441431299134,0.8786257100093835,239155,6,0,4
track_4632,78.10664531627185,0.6540976802097848,0.49242202275831465,0.8191482482739195,0.6515952903157726,0.07777672958312383,-7.62292333785078,0.2430410054021379,247110,11,1,4
track_4633,69.66630696897387,0.11072348710796524,0.24604878440972394,0.23687363041176923,0.34564939993411914,0.027302737490912117,-16.74847252590182,0.49827645566616613,395549,4,1,4
track_4634,114.39709582124152,0.5402977692531019,0.6062147928995042,0.34330618555564546,0.24433627473228178,0.02,-18.418745229856203,0.42442231484385595,357311,7,1,4
track_4635,69.01794522527894,0.6825219299273779,0.4596781855876365,0.467650688999179,0.038323410323673826,0.057008786622733384,-20.335806642350757,0.10971639043882421,370909,3,1,4
track_4636,40.0,0.2411964789212468,0.6868661651964146,0.26189092117976387,0.33192483773989095,0.17907456473900252,-20.698815542557288,0.6615561241147248,418202,0,0,4
track_4637,73.68264676231603,0.3444877121785277,0.3297925189590474,0.12024916281370747,0.6159832194021985,0.26854315868214834,-11.635476918036723,0.48402397726787,253017,6,1,4
track_4638,90.84421056835743,0.7694298988878585,0.31577599714495685,0.22698502118260397,0.2982019395014565,0.07363062450795298,-24.663887776444316,0.7035989484770864,258816,7,1,4
track_4639,86.83651536384104,0.3800638770515034,0.5671438180063828,0.4757050804878716,0.16787738116978063,0.03217850709654103,-13.032694752383936,0.5528266005087761,400566,11,0,4
track_4640,150.58574037927553,0.8289839740188877,0.07614834602562619,0.3126960287071518,0.2351663117755518,0.35810456585614125,-25.57429119449774,0.41115759933164747,268738,9,0,4
track_4641,86.59372322132549,0.947021342064486,0.15864417221058535,0.47390605194294444,0.30410598983816467,0.12739673186888245,-12.456782614331111,0.3852826449309986,275994,6,1,4
track_4642,131.42770389597592,0.8059308573022118,0.6378465383179726,0.5999241908190207,0.15205500391663135,0.05183502855025034,-17.284981433224978,0.7665596863416172,240294,10,1,4
track_4643,104.43052200957415,0.15960615829883823,0.6691564945554188,0.7251170246560691,0.14164841803907197,0.05663237071318959,-10.202469180779532,0.3426382806163901,382304,10,0,4
track_4644,103.73085822982203,0.8617143492507686,0.44612424552701113,0.3665372987063063,0.3050995098574226,0.21414213619144912,-30.207959811027678,0.6088144811614422,401913,10,1,4
track_4645,79.9385913345589,0.15571972051587857,0.3456018543036693,0.38540219217161326,0.2815758694489653,0.02,-8.319611664907008,0.8960281816395702,257954,0,1,4
track_4646,103.23652045257698,0.4910708679492064,0.3574367018313966,0.6885429743874062,0.2875930471342751,0.3515077153553043,-13.93633550887536,0.7123221802727145,260895,7,1,4
track_4647,82.0471161930775,0.39412250218948564,0.1667575460891668,0.24740551056504584,0.0455924945102439,0.25949904893784237,-16.810105987058286,0.3539056188397768,395519,4,0,4
track_4648,110.10072942763712,0.5089393900713517,0.8653015723288725,0.4400788122786453,0.08375324451969271,0.35602702682247644,-10.861139125418514,0.945190993967772,190910,2,1,4
track_4649,97.91251102128935,0.6878417491032751,0.7116354624746177,0.5697950496153341,0.2743690674488384,0.13889725175708134,-11.327886451337488,0.11369681930859066,393273,3,1,4
track_4650,76.66116200425199,0.23081537044422998,0.22555853661489594,0.2772118737323392,0.619405924543559,0.06168435279290931,-22.264483864391657,0.4580722869625581,417160,11,0,4
track_4651,134.75683019101785,0.7761149817266152,0.11734587281525775,0.0861371628148448,0.3982576617861072,0.10926363613374446,-13.057573895318015,0.6426477308120462,199140,0,1,4
track_4652,117.80521440064275,0.3164895651910558,0.543739399870167,0.5978658062031615,0.12161037602047813,0.0563667019694401,-9.60694180688052,0.4609473102343176,300742,11,0,4
track_4653,91.55811797573256,0.515184582430694,0.641229519258431,0.7052271425104372,0.06504285843147438,0.14668323921629833,-23.558263964722258,0.12029987570331714,283045,3,0,4
track_4654,109.3647914110593,0.10121302671737256,0.9508841548667872,0.844030948908326,0.13725297644473536,0.19761260134749517,-12.775495743938444,0.3395293443639348,307831,1,0,3
track_4655,102.48532435494108,0.3320360413242083,0.6857049024065305,0.24242962357776207,0.06537467862747048,0.13230614052964,-6.775319580681741,0.30590475052628135,418891,3,0,4
track_4656,78.97227188210178,0.27580507313663666,0.3147455504465977,0.22679909735154202,0.6579384502781731,0.053599285499032485,-12.97484430120693,0.2807654464087104,281752,4,1,4
track_4657,107.11488687063492,0.40208013145280036,0.4771388418497091,0.7713845375633618,0.01586481563988636,0.13766372189908682,-16.821306769238838,0.45743725203024754,275944,2,1,4
track_4658,86.36964735577877,0.3363142873488596,0.3999307462633669,0.5494470825131293,0.3213961821220427,0.20518794486699446,-22.21537573031885,0.6865427742399591,207387,7,0,5
track_4659,76.65198493139702,0.34376153058487774,0.6475022063907704,0.6841071084378567,0.4182978420915737,0.1897208204953037,-20.59906085217077,0.779413492791512,288061,0,0,4
track_4660,56.31698009200426,0.45609278692575406,0.6972776066763826,0.37909638284325775,0.10409355615944087,0.22214765979011705,-16.43023265584939,0.1045796680182393,343750,1,0,4
track_4661,94.24177939384109,0.08025684158055635,0.4263562253707865,0.37315774839822696,0.2721080488981347,0.26657631653795816,-9.340120908601037,0.1742048078469076,123163,1,1,4
track_4662,122.00911978751171,0.537696442196618,0.31254060997863237,0.38369256724322703,0.3024293242600634,0.4892234203732112,-10.443224941647973,0.3574765405825908,322154,4,0,4
track_4663,84.16021939863421,0.3026228592493701,0.7144024402830514,0.48911335763344693,0.03433341418909088,0.04242094521412859,-16.401839052960533,0.7835946143511634,255491,1,0,4
track_4664,180.62126076473908,0.6141610806495053,0.21377402357400388,0.4538448952819763,0.035281782431691826,0.18899982737732884,-18.961358644035165,0.6543196696451181,374468,1,0,4
track_4665,131.57056960958198,0.3850351599889203,0.444475235162251,0.254675453294912,0.8187735276020263,0.18124879637845806,-17.666917744997107,0.6023075725229373,146411,7,1,4
track_4666,144.12990397981434,0.5932470269918585,0.08636054773106178,0.490938904726721,0.1601942142103469,0.024487661126069784,-7.06971672967847,0.38302805984579885,159872,0,1,4
track_4667,128.85729036221275,0.28963400602690614,0.693126383169035,0.6283340000608837,0.09582368546428247,0.3159027026665375,-23.163774761578228,0.2636345942321529,362730,4,0,4
track_4668,160.5859492481572,0.6650767915321175,0.7108540648100324,0.5846362939357492,0.30392926635518297,0.05745968823806037,-13.90434302656684,0.8641774060132793,294776,3,1,4
track_4669,81.38994049582374,0.28368112327449113,0.6091740154631793,0.4349663309341599,0.3809035814395788,0.11212712806012737,-17.272702142194962,0.2840997624773302,413718,6,1,4
track_4670,40.0,0.48799673009123873,0.6095097615865674,0.5721892709373548,0.0560137159505602,0.039346573740827784,-10.18325296401227,0.24848135838681681,126978,8,1,4
track_4671,91.61623174941352,0.617806151016522,0.3723585872186833,0.339198838629617,0.8403199690162164,0.02,-15.485658911515916,0.2751895336044196,146428,4,0,4
track_4672,121.74655726642612,0.8354387016837238,0.5002155869508684,0.1515145008879158,0.14064081932339353,0.02,-21.792211069597045,0.1780738427112128,172829,11,0,4
track_4673,109.54550915243935,0.3647603252188624,0.16315582995986408,0.29831181106621285,0.11222567729007481,0.06664038608905848,-4.775640757455815,0.7202697292233103,262772,7,0,4
track_4674,113.26417832903351,0.21426675707070944,0.8227264488644797,0.47272492813251904,0.6136739451291761,0.33220510596120834,-12.960630900813094,0.7935649661068374,170209,1,1,4
track_4675,144.62730008009618,0.5051732456798916,0.4935333514753448,0.4019115403189809,0.19642583632729482,0.11600263365905546,-13.307929669750102,0.40432253071006385,197019,6,0,4
track_4676,116.461727233875,0.36843443710515544,0.9853408895221468,0.24018857707982086,0.06030115606558656,0.0725985820953716,-22.666886494105025,0.6565533700570922,339293,0,0,4
track_4677,128.96738782773065,0.7572025374075413,0.5482992871273688,0.1897469191634409,0.47403136623275416,0.08373433208553292,-16.251676725269785,0.22280491100574606,356689,9,0,4
track_4678,76.81311774441724,0.18574869128349603,0.4592361581477186,0.20433155861632232,0.024933817242428533,0.02,-18.701539145147297,0.2419900850179053,211134,9,0,4
track_4679,72.1381893235189,0.5938145898077538,0.4913034911362516,0.22263838082579826,0.10625421157388394,0.02,-14.84176317299672,0.602013627328695,299189,9,0,4
track_4680,153.42341769073462,0.38414940634984374,0.14258785308687993,0.4423891804852401,0.6813540344471716,0.1809493386729365,-25.575948512249056,0.3012431004434238,164396,7,0,4
track_4681,108.02704605441204,0.6023753548088165,0.05318508416784745,0.22276492302629028,0.1390963733309892,0.4295746777598464,-13.54111110757326,0.35304243484874137,178338,5,0,4
track_4682,86.30312449661595,0.37420903714014586,0.6004494439910428,0.25098413320413554,0.18154135478544853,0.04841583515051796,-9.319952423377861,0.5940985446999723,288113,1,0,4
track_4683,86.35816519358646,0.2615830747535374,0.6034363418013992,0.2961361278169864,0.0194069596467653,0.08975700793142737,-17.60397138206799,0.5549786958212967,237852,9,0,4
track_4684,85.52630635085228,0.2954531189634624,0.7024156641484466,0.3794165249143421,0.18901576514756027,0.06986465209274664,-12.675191463244344,0.2702933758207508,159839,9,0,4
track_4685,83.73122936862475,0.14740819713405756,0.5832835412482431,0.1814706217080928,0.42583808819999325,0.1771603101836814,-20.534828175693555,0.21223443075212575,380361,1,1,4
track_4686,66.50556592189021,0.4529249141871484,0.8643496180084045,0.2870133413985794,0.12359107267965536,0.0504398935779095,-4.207522364537887,0.3768883510353104,141622,6,1,4
track_4687,59.987387933384746,0.5067152360411016,0.5264414345805905,0.2898080055634126,0.4152636575578451,0.02,-20.428433243467005,0.195958617076218,377212,5,1,4
track_4688,99.14986867036743,0.46531159299544317,0.42211066299726996,0.3899696917224185,0.24566462095627026,0.5083254875253703,-15.43549663232007,0.5609130770125047,359732,9,0,4
track_4689,87.21222389038802,0.342190365140108,0.5599526130103993,0.599206471223375,0.10164621931494172,0.02,-19.12331192815754,0.5245606079994858,386945,2,1,4
track_4690,138.21477856329886,0.5799736177259498,0.6987694913857424,0.09036589162821175,0.054997211881994454,0.2354864842877649,-19.902995993262124,0.7083469816340124,194432,8,0,4
track_4691,113.7922995980075,0.7451662063069394,0.8463374759041008,0.2460464235356256,0.0857797365995704,0.08015379854458735,-4.765203791746979,0.40050624222326114,338854,11,1,3
track_4692,112.9595304023395,0.29900143631942666,0.31057200090900494,0.4818599974405781,0.11437428800472028,0.1232859200787506,-5.4146941373188895,0.5400903765521163,333446,1,0,4
track_4693,82.70638777336649,0.5500589419533193,0.15647679365501418,0.3303331401045714,0.253867311714429,0.21728951478997574,-17.21556585711898,0.6656384247118081,196456,4,0,4
track_4694,101.36914752660073,0.6638933691465209,0.13092772086494123,0.386620863889039,0.13139741655760112,0.11807618049862041,0.0,0.34790014587560913,248011,6,1,4
track_4695,115.83003310894321,0.21097323204485674,0.7181425206387294,0.4606518620191414,0.3082255492027986,0.2372555965149864,-7.5339143953201955,0.5441155583430607,214703,7,0,4
track_4696,126.48587219138025,0.42215310967953623,0.29258287833802143,0.20899189407483917,0.02081642094976564,0.16094739901365024,-8.043490440093116,0.6389216832468738,289731,11,0,4
track_4697,102.18324520444904,0.6302627117123123,0.6567966109686877,0.536172683780933,0.1669416326914533,0.14234438729191926,-14.083941942588922,0.48529896579025916,385359,9,0,4
track_4698,137.37371337972627,0.9093369237811165,0.2510753003513732,0.15009135009874466,0.0430893242899961,0.11524874540197236,-6.97620710744257,0.6724820149936366,240390,3,1,3
track_4699,105.23967926723829,0.09858370864000807,0.721430365317742,0.2755205732977567,0.26084096666312784,0.44324688088655095,-13.368615713622518,0.5515875964396167,195192,4,0,4
track_4700,128.7854135555304,0.1278350469765111,0.631217898735222,0.18345677327280863,0.09685443396388617,0.03461696343110462,-20.033085937080664,0.270438603413334,240386,7,1,4
track_4701,90.30443374232549,0.8530291075203876,0.5418065541649786,0.3522586114347013,0.05409123364006925,0.07168308454510758,-14.238229823096836,0.17245652509520232,187994,4,0,4
track_4702,50.622349002940744,0.5609224431442701,0.7058089347291286,0.8302864135114555,0.27086549661950127,0.2702193656793423,-16.77213513555192,0.7502564685260447,235137,6,0,4
track_4703,113.05076964055567,0.1730925196802473,0.36291722646496133,0.28899924025306895,0.09007117932673361,0.2309956223795648,-21.50666811327792,0.2120448164365459,386484,6,1,4
track_4704,126.75972189439877,0.3264134788795767,0.8520170152487407,0.2521906574094346,0.1777655502628586,0.2150445272474104,-8.028277013759467,0.20506996734618205,396045,8,0,4
track_4705,122.26041995422709,0.6907467126490086,0.5825161222676084,0.5658671644773067,0.5313812974563387,0.5785132181837547,-13.042129940808845,0.5688421876576346,206224,10,1,4
track_4706,117.6655998431232,0.17422978790110322,0.8295090408143037,0.6498083382608099,0.6859720442335687,0.2492129788070747,-14.498625319188896,0.8443764169904041,209165,10,1,4
track_4707,94.54239102135038,0.4795850760451132,0.21470343636483488,0.5999856498591405,0.620466448215549,0.1281451042557503,-3.5638205558804614,0.3765261648716873,315082,4,1,4
track_4708,80.79761245663224,0.28098697606170703,0.33300940306250354,0.4348858472897541,0.12703792128803465,0.15993043218397524,-13.047240857571413,0.7850387717713204,308105,10,0,4
track_4709,121.55184807131342,0.2733028006576231,0.2586588260892393,0.3532153227875217,0.26473248234985863,0.13102639915161832,-6.6231151352580415,0.32147030856453745,155412,1,1,4
track_4710,117.79342248594826,0.36195622460031346,0.31957755933802656,0.5990003151924108,0.07397641209299985,0.3541168915146315,-20.354400038004364,0.4520337124834348,214945,3,1,3
track_4711,88.17302727468521,0.5021256061651942,0.08504218318287865,0.18224814205827677,0.004277838346915253,0.44497319648179096,-18.75370153092676,0.8025478987617933,210312,2,1,4
track_4712,138.2827256757617,0.4025917795293307,0.6678396619273534,0.8788620495014211,0.1752155872177011,0.17120060309297383,-14.008351415815266,0.1139519306728544,235777,8,0,4
track_4713,78.51403456357198,0.7429382126564378,0.25291675959728954,0.17592935329757067,0.4015765903155824,0.09063716719305433,-13.429619252050939,0.12143950764260625,330797,5,1,3
track_4714,87.49429863626878,0.7604160021140848,0.47618913574044575,0.6374002584602668,0.005878032206110174,0.2153147398953614,-12.22160804892003,0.7596353034535132,278000,4,0,4
track_4715,154.09275637024996,0.7903843919024823,0.7539653700708295,0.44971116811786593,0.4120371618425481,0.2034494936106506,-7.988735827676442,0.33043664060149935,382491,8,1,4
track_4716,131.0574581320174,0.4634466653989602,0.6265738926862743,0.23466840658082122,0.032498012674889484,0.08948781387001453,0.0,0.7915768300622148,212678,7,1,4
track_4717,94.25972082326932,0.5569632485135617,0.4997495807985879,0.42224338902828945,0.11737319293897175,0.11917771663551487,-23.682231771550356,0.38085880274108413,124280,4,1,4
track_4718,113.62142128930651,0.2873533526115604,0.3432302517475433,0.6541324600504982,0.5332578460234942,0.23498113279249724,-17.675443447654498,0.4793035113965557,341788,5,1,4
track_4719,109.64376733571515,0.8454389356535613,0.44488804636335544,0.4420200281252689,0.3853529207524056,0.02,-11.599921200866623,0.7350093405306581,193085,6,1,4
track_4720,40.0,0.680151510595358,0.8011964298549034,0.24997975136310327,0.05050803404565074,0.04248090877222445,-2.2874724200727474,0.26771754235262046,352842,4,0,4
track_4721,77.80578151579854,0.57997445524843,0.36313579739548313,0.04117043177360604,0.47118600186637527,0.35896443716505533,-15.362642931273667,0.9579848296183404,405705,5,0,4
track_4722,103.47460148672155,0.3464966690057067,0.36473503833646415,0.5697890557994164,0.25192370354698507,0.7773657724609281,-14.13486158731834,0.5614162684765168,403918,8,0,3
track_4723,94.30165570322082,0.8548497168642553,0.632990061109565,0.3788118902926451,0.02787282417837364,0.1344097417287234,-16.47176525302985,0.5176495343200473,270611,10,1,3
track_4724,112.41307694491262,0.3302304085195502,0.34163961032269197,0.06103460209446193,0.12259968895157537,0.1058821208142328,-10.83351055627023,0.7220984907570748,367046,5,1,4
track_4725,138.8844693884376,0.7656825931885447,0.4764446266417785,0.39630009717247494,0.2778058289177387,0.029905371462745186,-14.188566485943015,0.23009646744908055,340665,1,1,4
track_4726,95.35392646038218,0.5718190265022596,0.3521004710010494,0.17204008848119776,0.24150046124350083,0.29880471690679117,-9.110325519213527,0.04678577984100803,141129,8,1,4
track_4727,73.27035611631405,0.62351993367906,0.2722580877491701,0.10730338070451018,0.02512117994737955,0.2507280251293565,-6.664994405467976,0.2445912619250671,384955,9,0,3
track_4728,114.74554975533135,0.20776501156847957,0.7259143955878989,0.5736089708530252,0.03716325627107666,0.12918668293525892,-16.299478466016218,0.4178631436896654,297412,3,0,4
track_4729,95.2012999929659,0.18058417305556634,0.7700681544895598,0.16249757232979778,0.27245332816850293,0.05712961488065122,-8.283465444363955,0.5671060409922588,138004,1,1,4
track_4730,100.31809497534292,0.9255016539682908,0.46020755708932215,0.40561429759443396,0.05884529033869995,0.030399982737385138,-18.5242988495136,0.2132649432888745,309180,10,0,4
track_4731,96.24678842540764,0.8993665213439901,0.5500668809522632,0.3906868674070317,0.04599488203712748,0.02,-12.694721095222945,0.5056240235616178,202978,4,1,4
track_4732,172.25513400032958,0.6126285272780402,0.5065536526654756,0.2433320666174073,0.4673824513525738,0.5652754999619202,-18.054800695957805,0.660508376541237,138592,8,1,3
track_4733,40.0,0.336111321175505,0.599170563482753,0.04988302352992804,0.6491691794624571,0.06610268560693262,-23.984830955939273,0.8704300885432847,334557,8,0,4
track_4734,93.34998290602061,0.6784685399046088,0.7441051561351893,0.15935642210462408,0.0934220962412468,0.324244897556594,-8.499625203271997,0.45815906147062213,245798,11,0,4
track_4735,104.88932923054824,0.577112367875439,0.4436662321191813,0.3650369439246922,0.06016868137368714,0.32425782436830064,-20.163974313076743,0.40206878257005235,129113,5,0,4
track_4736,81.56572523151664,0.7974132393838628,0.4852045690522589,0.6359015921692444,0.10301836294556099,0.062356667229912156,-18.458600110612657,0.9253407609797644,353686,7,1,4
track_4737,131.9947749638485,0.232797947549743,0.6016171277401338,0.1879704349921925,0.760234990234654,0.13794821837747023,-16.178277744346307,0.39580221070567306,263268,0,1,4
track_4738,129.3977303615892,0.6258762733727772,0.31040356936964025,0.3276966194774393,0.014636263991841978,0.19244519488541634,-2.612121008264829,0.5397421414451605,278686,3,0,4
track_4739,103.56736144534378,0.40196413411261506,0.48670640175794555,0.744332632861757,0.30199547919953473,0.2794537946840705,-4.262606493860222,0.37944862274829533,162330,1,0,3
track_4740,96.87978733968917,0.10150399850928156,0.152897504589017,0.17960383712619796,0.5475488164057274,0.15941774374818155,-24.091818806356777,0.08782644683937632,342275,11,0,4
track_4741,101.64129497305059,0.24027031512415753,0.13797111539071388,0.08434909392126143,0.007872510989957388,0.07572102953281863,-21.433023843243348,0.6933309965106532,343802,11,1,4
track_4742,101.85640039056568,0.2851624959619569,0.43817730437755364,0.30672432652446857,0.5486519018250939,0.1974693792003748,-2.7436661895453636,0.7705724005225607,217476,11,1,4
track_4743,102.64880915622712,0.694642525837777,0.2984859403016494,0.5562563997346701,0.1992877877929403,0.2210761094023079,-0.8865354292186467,0.6773548362185496,408519,4,0,3
track_4744,99.36002695449602,0.48763411024395653,0.1657054872377853,0.2462060969152018,0.2893434359881942,0.09460226587972743,-11.129572156015087,0.7369275757349435,264776,10,1,4
track_4745,112.57347943777178,0.6092552596482113,0.6196718909235078,0.21116290417670314,0.053378336536721076,0.02,-13.176704419303103,0.5145174686445773,140054,8,0,4
track_4746,127.59636194483595,0.530525254812005,0.2996460153110781,0.13835860391887408,0.6393311073006671,0.07812456620631036,-14.374528701336374,0.6377723529420155,409211,2,1,4
track_4747,68.0921955720427,0.8785272375815034,0.47718830205106877,0.3051884450469101,0.1020038978732999,0.02,-15.316334334233781,0.6026749386557849,288044,0,0,4
track_4748,73.48008302300553,0.037936664003605396,0.1956247319797029,0.718096002958341,0.5975143952325634,0.05286222358656588,-21.48837644176467,0.47511045373376426,271683,2,1,5
track_4749,52.54445911549429,0.23123737321083682,0.6176735859955002,0.35140810988805954,0.002811298433528087,0.052844026066271935,-9.03581730261955,0.5913665589482118,169349,11,0,4
track_4750,130.991922010728,0.8273554819759812,0.6520356279204685,0.548551365006765,0.07832987799232685,0.23837326589935837,-19.655825285941148,0.7602342164016869,170680,0,0,4
track_4751,112.50969879571389,0.48959134967909335,0.6112390395145935,0.07862479573744678,0.559271150983203,0.0794236308114524,-10.081761196440437,0.34287637278891353,344393,8,0,4
track_4752,120.15802547798312,0.6706180190647713,0.16207824175366187,0.3414873971466999,0.24105150957158522,0.13777241166756515,-13.793550048746042,0.6416774206225737,331417,10,1,4
track_4753,62.115052849095946,0.48842870771137764,0.45011273582605127,0.48367170811601246,0.09982778531696195,0.12002815312094169,-7.430243100202366,0.6586268824019774,351526,6,0,4
track_4754,158.54844368640414,0.6336636688868821,0.829341636466059,0.34635005337995917,0.1108444374278875,0.17720320383640678,-18.113824979330634,0.6887372217394119,413365,11,1,4
track_4755,86.73447275563927,0.5366789654304069,0.4001520711804594,0.14515780028309602,0.26762983637552695,0.28870335086695276,-21.65771255027006,0.8799720788071858,403665,7,0,4
track_4756,110.04617421333768,0.6533011875740188,0.5525031146953587,0.5166057455497257,0.6397996569894727,0.1252049918081735,-20.06900173921493,0.17107365019843768,322664,9,0,3
track_4757,130.63153982035115,0.2514446237073667,0.30739946133898116,0.3702896828561265,0.35122591390940244,0.0373374229733279,-14.129258605804797,0.4341604150444746,172394,1,0,4
track_4758,75.39060732611784,0.16317331434363083,0.5354861320071506,0.5469921215741991,0.4158274789847559,0.060784544161855754,-14.932150215273632,0.5573100111325866,185633,5,1,4
track_4759,88.61026924462,0.22287594380502596,0.2800664262586853,0.13387721072274103,0.4181399640099712,0.20010562394224443,-21.69402609227594,0.6920393380674807,158606,11,0,3
track_4760,110.37515323802623,0.7402892062840879,0.6868523775443681,0.43139333494212617,0.23793764287053812,0.09595722731703246,-17.198982556474995,0.4323181277244718,261644,11,0,3
track_4761,190.72419226394118,0.7245314621243009,0.31875988830847657,0.420244921171612,0.182823199598017,0.23211598542048603,-13.528370159211738,0.6482188256055931,273344,11,1,4
track_4762,114.03374228556073,0.8926577343268887,0.9007093754940727,0.4978139926055712,0.12664523813905493,0.3102194188433978,-9.759126946517583,0.10432232220641031,137791,6,1,4
track_4763,153.19083451892155,0.6615032577854129,0.1545594611542226,0.13695765044283217,0.4467364765175765,0.19734885433469648,-14.136866964925709,0.4011281390347639,291627,2,1,5
track_4764,141.17019435575867,0.7051341421611054,0.5941093829660861,0.10236434099728833,0.0007400944162069058,0.08932090419286887,-9.790481862723595,0.5086882633050005,130581,10,1,4
track_4765,116.04030109483557,0.9644499948808981,0.6244824734473695,0.14116278720432404,0.25385770141612696,0.14948975853890578,-13.746681449918238,0.8131873771291515,404083,7,0,4
track_4766,75.32412685107964,0.9200664125138224,0.01,0.44550349161807956,0.34944869793151223,0.1088862248880914,-13.711360305315532,0.8828993228845756,129227,7,0,4
track_4767,136.79260832454705,0.34048507324401334,0.7960996483564943,0.027183115523620578,0.1879222972786765,0.1670242116869693,-10.99815460341021,0.2945384167202486,263329,8,1,4
track_4768,60.05668975055859,0.3589527615972703,0.4875516211582665,0.30671015188080203,0.17087283818787702,0.06829104411318908,-21.1527950413508,0.6048079410632597,181761,1,1,4
track_4769,153.02625371031274,0.4188518955338375,0.6142905891827408,0.593011303262304,0.602092091012037,0.08058715055635214,-2.6790269035467027,0.5521677114465522,418233,4,0,4
track_4770,111.00015924654765,0.203808758495597,0.6091636832699692,0.32980691147728736,0.07938379984151263,0.3540286599435663,-13.534954830824564,0.6758876647481579,214617,9,0,4
track_4771,40.0,0.4448433206000087,0.6326066628104806,0.18529067175922231,0.31216430039676873,0.12689897830789665,-14.528022956965687,0.8196543402681439,227402,11,0,4
track_4772,94.78481714904483,0.35630711348213767,0.462167162387427,0.27487410537154616,0.27504515043976707,0.3348804512526505,-12.505326907176698,0.9006526580258629,341489,10,1,4
track_4773,124.61843462768822,0.3693547875142694,0.2742903945020873,0.20811016962865014,0.1848246513646898,0.10134686461895752,-7.164445514901157,0.8381972410408728,298011,2,0,4
track_4774,97.889283808807,0.9439518560893092,0.5782479350138285,0.1823857928986086,0.15253753744209744,0.11202893865559622,-11.50454845655862,0.8168407999369462,215614,4,0,4
track_4775,126.4501743298072,0.34627692146918576,0.39823092609004446,0.5542921616432134,0.021222827387809135,0.615504051932368,-10.176951513121637,0.2806592294312151,207540,3,0,5
track_4776,79.49927496863114,0.9701849905418911,0.16048201283606348,0.45022144575252143,0.32856108735374695,0.15673121656851227,-13.466582292871182,0.8537582933047451,202743,11,0,4
track_4777,65.82052881637178,0.22071196888985656,0.16905327539280926,0.5322232091724329,0.0056114298148735664,0.2670084702791819,-20.486202161047316,0.8305332151657562,190788,6,0,4
track_4778,102.85663790857184,0.2577713873942736,0.32273054154532,0.23805245902311653,0.23038736565825954,0.12502112325700585,-29.574468041847663,0.5645715363644851,187461,3,1,4
track_4779,105.94697001869744,0.7576966866123529,0.1698146111597612,0.04851859012964073,0.2905870538553775,0.14018791324922703,-9.022878389955485,0.5861085109323093,307294,2,0,4
track_4780,94.54846946813036,0.6025327311141249,0.31502023206966445,0.36914707271068614,0.23777039838139535,0.10440466756941612,-7.9456337843905676,0.16838068299537035,352525,2,1,4
track_4781,141.8187343992658,0.7578106639865214,0.42434638809706227,0.5101027507323651,0.10021375960427734,0.21125468059652647,-21.18863151787511,0.7061298447871784,338254,1,0,4
track_4782,79.49377874582827,0.6510548502896173,0.6498183937447171,0.4191035865801936,0.03691842984451128,0.20371093237801743,-21.901652999073463,0.6261919684029552,357127,10,0,3
track_4783,114.39496821997048,0.3644564776059223,0.7162901954360119,0.1397470432803884,0.2750124367033409,0.11029191441388352,-21.024300504215496,0.6466867329075713,228922,6,1,4
track_4784,107.03909913490875,0.23721362128303874,0.6378367576676467,0.16712379540993788,0.12158386061825772,0.02,-17.847173153552657,0.39380467293347493,184724,1,1,5
track_4785,58.2985214359175,0.45308491125095507,0.39834219844709917,0.36576921769469456,0.1659411762088756,0.18842581093584784,-19.72731237088137,0.5030240398097442,155276,6,1,5
track_4786,65.42909448994463,0.5653001797909192,0.8843101613579039,0.47450267736200225,0.719558169294201,0.02,-13.542999711021574,0.5315487898591499,371969,3,0,4
track_4787,105.35733048745894,0.010493135151224632,0.2500305187038228,0.15223566860289406,0.7013876215857373,0.11494164158959784,-13.343780107970895,0.5015514949278749,271422,5,0,3
track_4788,164.4359999606089,0.661940761760083,0.6164960750714702,0.2041245857240402,0.3087954041243202,0.2287110168460906,-14.067772947766583,0.41460320575084303,179699,3,0,4
track_4789,122.37809435696433,0.8165703426250268,0.23158703309409673,0.6137982815144201,0.5642027491765221,0.02,-17.535055442709613,0.14301850807823666,233433,10,0,4
track_4790,53.230955245661015,0.7686511785020558,0.38583543085700645,0.38498668033316563,0.06846594819211428,0.23739127931590337,-19.870570747391227,0.5155035464789846,313145,2,1,4
track_4791,40.0,0.3978805298010583,0.7668907599960968,0.3182573821866985,0.04994308031179446,0.06704448841125596,-23.30965182643295,0.35759030878887343,226193,8,1,3
track_4792,126.9916077901314,0.20742931344100599,0.7106901012348237,0.28864471995194513,0.09824584943839423,0.2587647055366811,-17.899727978035205,0.08777789537292968,213987,2,1,4
track_4793,102.11359551215403,0.8745985238284976,0.575836095824106,0.7844434198503059,0.40012842429342627,0.47231261716711737,-10.678611803474102,0.23568383383793007,372760,11,1,4
track_4794,139.23797908531108,0.8371933279395559,0.3355316280006413,0.7789524799065782,0.36678548863580906,0.27520395894999244,-24.212191893829395,0.860224762538068,175017,5,1,4
track_4795,78.57846237865675,0.3752886795300281,0.2932495254114958,0.5204184217516559,0.009698895787039133,0.06561185278459442,-14.90628688777331,0.035748344931221046,271554,1,1,4
track_4796,115.50637493575579,0.524279426296082,0.5760878717042623,0.731557368602736,0.4558941055313519,0.1828284905981654,-20.83953437599788,0.7245641727463785,185624,1,0,4
track_4797,130.38520389083587,0.6942527985922936,0.682078879447982,0.39614934698835935,0.2028102304766102,0.03285499824348409,-22.29735916428671,0.38785964308133275,337193,4,0,4
track_4798,91.57609085380554,0.37843671332231077,0.4154709807187608,0.32289228345943544,0.4578647650694754,0.09370280618708558,-8.689244098385032,0.22436636300693605,419168,3,0,4
track_4799,92.21743289306804,0.5048235661293974,0.48246904836728716,0.5205090439961405,0.3145592534079557,0.050179449424974154,-7.0887210223154815,0.671953571770266,199036,0,0,4
track_4800,105.75788493295171,0.25213613844915445,0.3505769256819723,0.456746268729468,0.6004387506132212,0.18447572925984498,-11.477463424524458,0.8782285893095862,133532,8,0,4
track_4801,121.28029039680986,0.42930971439203147,0.726313944785289,0.5096538800056756,0.18559234101595296,0.09585312503159932,-21.60618916983402,0.12351244062992606,181417,8,0,4
track_4802,104.56997986464268,0.4430115409840119,0.4178789507404812,0.8022887000071395,0.3641110524399963,0.02,-9.449825698172791,0.7388026095038308,156170,5,1,4
track_4803,134.2198901327846,0.20485628674622935,0.5630989675291658,0.20033425429726356,0.31639998862593227,0.08071617196232514,-10.004452891647077,0.6083129418782808,163480,10,1,4
track_4804,91.1419443219891,0.7266709162768215,0.6988410252538582,0.8764989638539592,0.07461564979732996,0.02,-2.4634131305438167,0.30734598986143324,361119,8,0,4
track_4805,65.14814383610671,0.36431306708122646,0.5592973857430843,0.3502000645307072,0.4947220229096393,0.06615496341787255,-17.650423411706505,0.02281072521549609,244303,7,1,4
track_4806,164.3092610433954,0.5505302531097604,0.6499113222099498,0.13347588323143925,0.6234071872914554,0.24292303219716804,-12.18814657516835,0.9152564664174926,353643,10,1,4
track_4807,86.86098790372661,0.24921353622638673,0.6994311424300111,0.1445702867416141,0.062322939987730336,0.21268245332579017,-19.781970127944227,0.6355907588822998,306964,3,1,4
track_4808,87.94673748846758,0.5338437961147977,0.6864978331277884,0.23812020579912518,0.032981099016498115,0.024580562430012626,-25.83518143778701,0.8333711519241582,246924,10,0,4
track_4809,103.02590036783447,0.6717325340437965,0.566614523636096,0.25644904879173025,0.11402084654602089,0.04818534130277948,-25.427755885120135,0.35658001520902904,332854,3,1,4
track_4810,107.01543328961944,0.8927641484406967,0.42937648585674865,0.25387739688132827,0.11768174979349766,0.11417554682434736,-14.077364229357192,0.7031073826294595,133903,2,1,5
track_4811,93.39949072535151,0.7947274144010579,0.7883604971799406,0.4672006461575966,0.27275266267003484,0.02,-18.870789863593682,0.9030320089993317,154598,1,1,4
track_4812,104.47698309152973,0.271403086603262,0.5098653973683372,0.38190425393787386,0.004303432376535875,0.12245171408573692,-11.29142320220095,0.4926444051924173,184439,0,1,4
track_4813,103.80713305715479,0.2244702250483038,0.3920592727386132,0.471457057986605,0.06394915125142187,0.2080831816500229,-10.534065669442738,0.5450133664531074,164784,8,0,4
track_4814,110.2445798106242,0.5168646065907392,0.48752043867949213,0.5340649818663684,0.11149742737206254,0.03793409549426865,-14.297718328213545,0.5236955375332065,196525,2,0,4
track_4815,40.0,0.3324447112985852,0.7151505778992174,0.6588458249757997,0.08966568037783583,0.11053231748798242,-23.696944096416868,0.3814285247760522,311685,6,1,4
track_4816,161.4262892102355,0.5031662865019444,0.6477045556782791,0.3824082697490263,0.04119119034332704,0.2207234774351688,-20.303061769381728,0.23702368032900553,253359,7,1,5
track_4817,100.58135059396328,0.35022221760804007,0.6343280527793471,0.6657604644920982,0.10274244624238227,0.030175919266683858,-12.968397134204611,0.8467738880742567,392858,3,1,4
track_4818,122.41867858340956,0.34966987087566914,0.6581205699791149,0.3158726099670277,0.13832933672126693,0.341377172156962,-12.364882569501955,0.246933638758726,354953,5,1,3
track_4819,63.65695975397927,0.3843643958841233,0.5761788533178477,0.4581255994945846,0.578793862858354,0.09338797746239857,-12.27972174906514,0.7144579810607613,344644,9,0,4
track_4820,90.8699921625225,0.5078462107289028,0.6833903978817107,0.7200888133638669,0.3767278707520183,0.03845148043122378,-9.179793485152551,0.2088114691494904,373342,8,1,4
track_4821,84.83052401038756,0.5453730971797537,0.6348955591135258,0.3858189379658484,0.0486414624515265,0.6172390616784331,-15.824929507498133,0.6097286816906816,374712,11,1,4
track_4822,149.09171293525637,0.267288947061298,0.34604152492857954,0.34030259027342086,0.16306856152790208,0.02,-13.12018285941313,0.2555300186841632,121462,8,1,3
track_4823,87.42559179492352,0.6682680374546862,0.8905896891185415,0.5956143974803542,0.007006735151343789,0.2933647990505366,-11.029281190216718,0.4169103261081747,183555,4,1,4
track_4824,127.74239960820273,0.6619361871268288,0.42331217061462795,0.48881432506379363,0.11689350394940673,0.02,-8.570368148764402,0.2597003478831216,146914,4,0,4
track_4825,85.48738641980415,0.6852394021589852,0.3550496934999011,0.5019155298218286,0.5004619800327071,0.10233708615164917,-14.45745938038582,0.7387882816533955,389980,1,1,4
track_4826,91.42143181038168,0.37451620844446887,0.8025180977568886,0.5459012434834953,0.08385166327379046,0.2029283006797397,-14.666832700766115,0.7177182715722843,151571,8,1,4
track_4827,97.63349504397942,0.6240835270997248,0.6340128530412643,0.4547471412752185,0.003234209570674947,0.28311591754192694,-12.529433267220593,0.48390821118063143,227781,7,0,4
track_4828,143.515353804879,0.7363388279312876,0.3902963400764639,0.35732577296989043,0.06621818419212609,0.02,-14.095910846852764,0.364951693920095,173311,3,1,4
track_4829,48.30442022909644,0.4211599371098297,0.4307094520130085,0.08564621035387313,0.3739534141846609,0.06353426057148122,-16.01175466832303,0.2794180192196119,293411,7,0,4
track_4830,65.53009334176701,0.27012326483924515,0.5456971472528498,0.22201847518422343,0.31265229087742774,0.19106826222680257,-18.184532613777616,0.8891979751701053,251383,2,1,4
track_4831,46.58084502930549,0.43238550249474955,0.8351811597105915,0.29528801781828046,0.1761563712782304,0.08020580351794777,-24.68354290506918,0.8962668455398648,384350,7,0,3
track_4832,72.3749364071565,0.8036501253223561,0.6295865568474174,0.3578068777193585,0.4287851325481441,0.24282586912455487,-11.16871692853763,0.4776359198016583,314440,9,0,4
track_4833,80.65199846423678,0.7691028893899146,0.7546819145407975,0.5905518933956279,0.04275620259264299,0.25087597906757103,-11.589139107099044,0.9162598797377587,178133,5,0,4
track_4834,56.56556237728833,0.9031523534354183,0.5825049997137738,0.8676266864767798,0.3912537601088317,0.1379675860058025,-12.792108961305068,0.13727095273277307,378817,7,1,4
track_4835,82.97556760155993,0.5438394518810046,0.22748255702221595,0.6005455660946782,0.3440302126225009,0.033797019331998614,-11.914538285297525,0.6295571574566607,409824,8,1,4
track_4836,44.55856557199755,0.8368738456531815,0.3731019728356044,0.5096139740511286,0.2643189548771446,0.35537574456359633,-15.369748832589126,0.3788986317121883,283895,3,1,4
track_4837,74.46033828696956,0.7969856881319475,0.3897007983224185,0.4287155820366942,0.5892676678740434,0.28596564011110054,-3.1489839740819683,0.33821853420489495,381564,3,0,4
track_4838,141.012611997306,0.712722153708329,0.4485783614089111,0.49133148835421225,0.08123830656749634,0.27006559685085013,-9.058052768625558,0.44606844906649024,366431,4,1,4
track_4839,117.10764210843308,0.2687377522181499,0.2820724414593774,0.12144474083957749,0.3937547183646353,0.07596257248054344,-2.7104399268880304,0.7445053281863269,133249,4,0,3
track_4840,110.62403016517584,0.4793526748811599,0.3015302065581836,0.5991999762120866,0.5208236840413819,0.2973833548869197,-18.328555419844434,0.38089234483051215,270525,10,1,4
track_4841,74.91664331162656,0.19390552889254234,0.5488505781565615,0.6425974697800259,0.10568953183780479,0.020192122163123265,-14.70154847141063,0.606851260720452,342224,11,0,4
track_4842,58.91745122865828,0.8794145421663091,0.7073678005721469,0.16509883635793834,0.6446932925727418,0.12046710234163059,-14.701287778129943,0.6038430682586988,310065,2,0,3
track_4843,70.82531773397159,0.5024931284544756,0.04236234098062242,0.5426736210905558,0.004446199319240499,0.1832052302777453,-5.654668978507839,0.29950042907793173,370176,8,0,4
track_4844,103.70370519311955,0.42621840193522625,0.967945921243733,0.186390405568065,0.4218201813824178,0.2786370880706517,-26.754043109784853,0.619313788496232,224195,1,1,4
track_4845,131.04530339180005,0.7571158293700216,0.4291394941952861,0.300590728726409,0.6697418196339718,0.05208063664635155,-10.657687141604688,0.7495595834730647,301745,0,0,4
track_4846,132.07102251405962,0.6184304352339316,0.3426360216847213,0.5404374253519322,0.15723434821322244,0.3058686430277072,-13.043404569097492,0.25806752292035046,280858,1,0,4
track_4847,123.91837087449998,0.3920072096144617,0.420705282160385,0.3770639488697596,0.22429002790026298,0.4038626575919493,-7.730551285760331,0.4183400505024449,278302,4,1,4
track_4848,82.87329407796167,0.3793407077383422,0.4933161821116885,0.3522705567237303,0.017361506568169024,0.16480713146794893,-17.355518110870698,0.49382744178215476,295993,6,0,4
track_4849,105.73649497211964,0.07849503467079728,0.5640677356653392,0.43466429199633166,0.1730275943109887,0.2479548027551713,-24.419891340212878,0.14284633020529947,330825,9,0,4
track_4850,95.35972409888262,0.8727244033157895,0.6560946559029641,0.6812290724608981,0.08708430102746356,0.253018498325467,-2.6393007995352757,0.35837770762181237,296918,1,1,4
track_4851,98.9643070951575,0.892496568061871,0.6395614388439059,0.3261896967794145,0.1724066890881476,0.457680527767065,-14.067563118933535,0.3590249043537438,176656,10,1,4
track_4852,166.11383690879438,0.9250693749187546,0.30976914826123797,0.37416942068070663,0.36676371379122635,0.6008294759837027,-8.265877774156138,0.4858857162491964,252348,4,1,4
track_4853,52.13999288989162,0.22270465219712565,0.8515106168725957,0.828917869974231,0.4897958742935291,0.2902134295774959,-15.844918639914848,0.7351483176321727,341731,2,0,4
track_4854,97.95969552233217,0.6418665424401335,0.39343589853393274,0.45095516977695776,0.07209980429147851,0.09022340693569235,-7.167121977113258,0.4342661611457528,238086,6,0,4
track_4855,141.3524672158847,0.6300761751044923,0.10604078481575878,0.33866606781530806,0.058547454383755276,0.5028972156906983,-9.35214564090074,0.2180497066465832,349201,9,0,4
track_4856,61.023255148993854,0.684716733373961,0.8703677544643229,0.08157278104234846,0.31697068212663,0.12409395179507386,-6.661774235629642,0.4893878723712462,213527,9,1,4
track_4857,85.68757724201248,0.5025093605911558,0.33697271989111144,0.7593295113984395,0.17663033358693894,0.08630257561615678,-15.96686413296801,0.652008809185239,382429,3,0,3
track_4858,89.12884507297082,0.6245502084262131,0.5614452017879574,0.7708989494591373,0.1834638554436884,0.04856136915571461,-5.869949091617233,0.428751364807863,135642,8,1,4
track_4859,98.30130833838047,0.688662258138637,0.9064433741498988,0.41516494105252666,0.40806968634911656,0.2071857566945653,-10.817723038252856,0.08728990725057416,351031,5,1,4
track_4860,57.121285211813486,0.8091534214670948,0.35299209788343094,0.4196513147652736,0.26686146972091873,0.021685127000703137,-24.869409948037816,0.41368882855603056,142750,2,1,4
track_4861,122.85858181014117,0.8503636520376451,0.7690666638088005,0.750881125549386,0.4970734195764078,0.19888213518900758,-5.799567487586941,0.6958239063987637,203648,5,1,4
track_4862,124.98861847539432,0.33149028409758446,0.7623770711213582,0.18509975319050667,0.6155317229934298,0.1304928498367755,-10.50943441391085,0.2582718657598761,389009,11,1,4
track_4863,120.25125975053842,0.2640554302667326,0.7208302996260741,0.25438346275346785,0.25089822374081,0.15649071925722782,-15.761009618184627,0.644817849510834,235045,5,0,4
track_4864,78.88878977126755,0.676815787136056,0.29185469228170297,0.44068152999720983,0.21997621197178177,0.08580657211635105,-14.764873332628353,0.4881688743562727,199323,1,0,4
track_4865,107.59532372361885,0.08992028882770428,0.4596557814579262,0.5450183048979848,0.41286414758493073,0.09181961333706239,-20.01445170791056,0.7302626251159959,404319,2,1,4
track_4866,78.01679281292738,0.16595668305757882,0.5859242582604535,0.9844345619598951,0.13952286391098154,0.22758015993512193,-13.084609526961286,0.5150950070458523,268775,3,1,4
track_4867,95.02210017685462,0.531111371072443,0.41444885387753627,0.0976654632509203,0.10630568433170132,0.13387840315696176,-10.65038551582341,0.305055662830337,411972,0,0,4
track_4868,169.60403781512633,0.15546436258605806,0.4268207434646167,0.23906089027948613,0.011488898788980042,0.17470111827570373,-13.287469410528576,0.5679009021310492,351231,5,1,4
track_4869,107.87086132788768,0.6712321497340452,0.5788769055195986,0.6165732960649251,0.04783856753701797,0.025735674011728077,-12.58789768884252,0.4947290633942816,284886,2,1,3
track_4870,69.3742027203848,0.45788962684847434,0.30674050354905297,0.5420989756758987,0.07749386630260094,0.0701584162123631,-17.252271902252556,0.8932546778304487,232189,1,1,4
track_4871,110.41006021991741,0.6337798739322518,0.3471101580285185,0.2500858711706479,0.2101494385772789,0.18925947563120782,-19.499627305183026,0.5873392736523431,265588,8,1,4
track_4872,64.44612221810071,0.545615223657223,0.6462087559398558,0.2945545958293708,0.7473673691122646,0.16216387200369287,-13.776297243439407,0.5418697954739544,261752,3,0,4
track_4873,69.02968822454964,0.727534373008384,0.5927805974112327,0.45811858838230063,0.052615896484031845,0.07519169725995586,-12.422753336356411,0.12072164874257064,215563,5,0,4
track_4874,73.76630592153627,0.3741639836993516,0.8025079606276416,0.25235532848098896,0.34184123099447666,0.13582424173490085,-16.441654721742623,0.6344997800309734,303412,2,1,4
track_4875,91.67071643412949,0.17713799921203596,0.09625011194720787,0.5011047910661535,0.1366692263984037,0.11167572096002781,-11.138885591049846,0.8449376912627949,308542,2,0,4
track_4876,133.10906986767606,0.5859198878510183,0.5671528815834593,0.47231962669150823,0.11943548812994381,0.023951108090636303,-8.792377729095204,0.412520617219965,149545,5,0,4
track_4877,122.35194594050517,0.7071508676813941,0.46624153987789074,0.6094178310891603,0.0004663416649919224,0.32415217505333993,-8.132258964543922,0.727792700995457,253952,9,0,4
track_4878,120.68985984741985,0.4154033923192696,0.6717044099774847,0.4796470777447983,0.2178847505870017,0.11191329194194448,-16.903497257755692,0.8251587857572401,403364,5,0,4
track_4879,72.03226303228374,0.521846047263506,0.23065201939965876,0.46141187063828654,0.6264144501298837,0.0698079118178971,-23.94760531336366,0.5253412074348919,372623,3,1,3
track_4880,88.76056933693054,0.7777572249916777,0.8833702598482314,0.8309272708914891,0.09874615889436793,0.02,-11.38595304454248,0.14965779077291982,322250,2,0,3
track_4881,113.16003320649565,0.22222648134978068,0.43967697570691366,0.19251213943915782,0.27862857188015283,0.37631017386460497,-15.706579165180608,0.3901821810903248,219716,6,1,4
track_4882,86.15040043834762,0.6413527578550984,0.5712949203432709,0.24844211592322205,0.6365534334189042,0.11658620101891531,-13.839902978886752,0.43579038960111455,318038,2,0,4
track_4883,96.64900679096705,0.8195566147131853,0.15655662078319962,0.7742008221491439,0.5505683543408054,0.08299834273269552,-16.880741914658802,0.22119960948647874,392949,1,1,3
track_4884,118.24076077589848,0.4667325572267108,0.3819286067386802,0.41298000622201936,0.34274869091922716,0.5151925794282556,-4.178398311571177,0.46241588675159917,328453,7,1,4
track_4885,94.53681956396093,0.6683440417835924,0.3061405356576378,0.08091487319672386,0.4363521364872798,0.3341017851265392,-16.483537511854134,0.8339560028376741,414501,3,1,4
track_4886,111.78178767306076,0.25575606445000026,0.7797543074337047,0.3034017520700871,0.27464085770397406,0.155305876624862,-2.7499138560423617,0.20605277426964755,348908,9,0,4
track_4887,152.78185368058706,0.9255525966922354,0.7818165019522769,0.531227992750838,0.07226739910044827,0.30429054015693663,-9.310823100301619,0.7558022453566722,416529,3,0,4
track_4888,99.84423603039008,0.031885275186473314,0.33209341011632093,0.6011316539385764,0.27526203918121084,0.23738596914546323,-7.674901549423477,0.8160700617675493,137118,5,0,3
track_4889,140.38013429157618,0.5169453327201807,0.4884155877388813,0.4853125578162892,0.5498994808894482,0.03176294711232659,-14.76988969231786,0.7862378594118574,362632,6,1,4
track_4890,121.78110201922075,0.3842578578799254,0.49298029860662557,0.6054389399629075,0.08284359101808102,0.1647087575411095,-18.98108299307536,0.49839490636420153,320817,2,1,4
track_4891,60.982740195397,0.22858942719426711,0.446542044214682,0.11064216519488318,0.11472393192429131,0.2061694879368848,-9.783108706057302,0.30247054610421875,295429,3,1,4
track_4892,71.93588912209427,0.6154831029599599,0.32088714248541306,0.5001859633466318,0.04961438318369346,0.10094111824708964,-11.925971486906992,0.6067561220724981,269317,2,0,4
track_4893,79.9921235079031,0.44010113217389374,0.20117210400543684,0.2352823218920627,0.039810560260288036,0.14340217800641594,-17.011365192560973,0.6458874232632881,153683,5,1,4
track_4894,79.35495249201651,0.40582000388645595,0.7397141070185482,0.43790062573233496,0.28347918636892694,0.10976102273879994,-9.72310008518162,0.3210255973761915,127495,5,1,4
track_4895,102.29130761679558,0.728529258373021,0.3129484720309112,0.08191887226025409,0.19849145802838603,0.46736721345056365,-10.462103719423018,0.6687342735717648,274053,4,0,4
track_4896,123.43932144245467,0.3014283817520596,0.7637271498848157,0.28785367085501645,0.12434625719346896,0.3482727656869217,-24.322641994099584,0.2153218493663554,189986,3,1,4
track_4897,142.65475250114167,0.6298479773757772,0.3067665212906885,0.37046806021028306,0.10282612976381207,0.5312737342034444,-10.27403849701451,0.8735184533286422,414460,9,0,4
track_4898,114.24525266175246,0.6812521838007752,0.32567746023991995,0.06835949049166475,0.4128421924758731,0.5771429055339983,-8.201625217155753,0.27777505819592035,309226,9,1,4
track_4899,91.6296133184037,0.3870146477682238,0.6736931963688223,0.1379746222533062,0.22798783472828332,0.02,-23.124211366495633,0.818655416146276,272749,11,0,3
track_4900,42.53276269110377,0.22425524453289325,0.4888839072937131,0.5083559156913038,0.5903644209122392,0.10667064195890388,-2.2665542009324895,0.720235617819672,121501,5,0,4
track_4901,107.11768726252014,0.8369835703947733,0.4137527978717601,0.4702617960940808,0.656325341310497,0.053920358732048465,-5.581063002342416,0.49750718581626624,340864,11,1,4
track_4902,105.77310581084974,0.4079822989066432,0.8448513392192429,0.5263904040540536,0.10451311733458318,0.10222669650034548,-24.30445260552471,0.6148202844050512,331252,3,1,4
track_4903,110.48786260616873,0.6996578067709412,0.17318448079237583,0.546604423131198,0.33359274401011635,0.3217429081185417,-16.145604554352918,0.9218574511323071,148441,6,0,4
track_4904,168.18720893109997,0.7445366457364428,0.42178624908598095,0.5211380046779746,0.280083913143332,0.15608561351290784,-19.355678346710476,0.6203168404590534,320107,6,0,4
track_4905,142.21789638579216,0.3332520120806152,0.47055216820802825,0.3565267079937569,0.1587302188390018,0.07743536663903623,-21.11432017279564,0.3589011600375137,407937,7,1,4
track_4906,128.55182754749958,0.4146149435046023,0.7412971688869723,0.6200409729409423,0.2059551696441042,0.06013506933666439,-12.112614991444659,0.4607514148740169,275182,2,1,4
track_4907,76.13768609785201,0.6582423605305089,0.697732290411937,0.2767834169398383,0.023771057300251412,0.02109058048487738,-13.10199281629518,0.49900249138194636,414063,0,0,4
track_4908,89.6101575240977,0.5844573088338898,0.37781693820294626,0.18674733824119596,0.29981320349433466,0.08843972727522494,-19.455825224612543,0.1111265266293076,372566,11,1,4
track_4909,102.15466179214494,0.29207294744460355,0.45777006177648527,0.2643279190612725,0.3588496325046333,0.323483840558977,-18.763595680967605,0.7877725971570977,176750,0,0,4
track_4910,81.73778627968939,0.4968336039219813,0.39069016131257833,0.3288514670090657,0.05215244897729334,0.46477274786253975,-13.927533147227415,0.5340015787619771,211376,5,0,4
track_4911,120.01393574955354,0.7593197060141569,0.774620801687917,0.38459634330480663,0.1413138250153228,0.2226726270790183,-11.529490563592706,0.430193577094009,194265,6,0,3
track_4912,115.70726547647114,0.5948360015944049,0.39437795060457737,0.46791602356756246,0.4712189888012612,0.20424759943527268,-18.95129628071517,0.4297820089166254,260789,4,1,4
track_4913,72.35076620835923,0.4868983697277346,0.7540114907175678,0.6282352769428101,0.33294390321253536,0.26229920169102816,-13.580376950527734,0.4462999365445193,244262,10,1,4
track_4914,140.90450127288372,0.2449514505085327,0.25552438567268176,0.35711614214558157,0.22757670218575768,0.08588535584165165,-10.682212986963409,0.035264140294911525,316896,6,1,4
track_4915,108.06931001426581,0.7668853302654609,0.19850807106605198,0.6072317159564161,0.12130908534213428,0.5175323287781406,-8.498677055459488,0.740990330222456,348216,2,0,4
track_4916,53.12786559773246,0.8056606049578426,0.28921479519972276,0.3414501860895674,0.20016899939674035,0.03745309530840549,-12.229078561399737,0.5742993277143914,217007,8,1,4
track_4917,103.45971424965092,0.9354374299795134,0.7187211365038921,0.07687997523829052,0.026849142488219683,0.02394038297270542,-13.037139864997338,0.31404357193872606,343209,4,1,5
track_4918,113.43619367768714,0.6792994511633145,0.40643981029906356,0.4229315519177801,0.1899821604546569,0.25234217907856205,-15.431872357299527,0.766006015290982,135170,2,0,4
track_4919,134.1837708430722,0.4230713988006353,0.21606817871203052,0.37578879140295707,0.48216685941975856,0.055061078151690354,-16.44665856122832,0.6413942760783183,253254,7,1,4
track_4920,94.87570790620151,0.3558421008808631,0.3960440586595998,0.5499698438636798,0.12932030849104623,0.37182893134070505,-12.92560650349713,0.49258021043752837,338372,5,0,4
track_4921,129.8381480234162,0.059753433321133205,0.30264095178077727,0.6695150895264143,0.014394440087702663,0.08407959454024524,-13.425678764053636,0.6660689919347559,346011,8,1,4
track_4922,110.61425960310648,0.35748633386306033,0.5353835486433013,0.5712945015245114,0.2600032984604197,0.15965674545436775,-11.518256992970915,0.7290470182460578,379164,6,1,4
track_4923,65.54836172887262,0.7946618321706799,0.45737241265577283,0.16525580458692132,0.3824530546064223,0.04216045028801927,-18.585014120941864,0.48422892402796336,369739,4,0,4
track_4924,62.54499679552459,0.37657312487489825,0.620626385565425,0.4154932203071445,0.057634393851230356,0.30718265633879394,-10.151922717697357,0.6582835454074207,413789,8,1,4
track_4925,138.67679610448045,0.6450897883444225,0.704427895967179,0.6423415700512883,0.3004556167317111,0.02,-23.11285969932903,0.64311999784447,253302,3,1,4
track_4926,140.87952535145308,0.42701643330793637,0.3100219240747431,0.43745042813654145,0.4020290537201889,0.02,-9.903578807877373,0.4350352564570422,195161,3,0,4
track_4927,114.68727691214168,0.7330682419335072,0.04161641411335881,0.4911018870554087,0.08783722502679198,0.2628869271890909,-15.270492174793855,0.1406590430184464,378301,0,1,4
track_4928,149.87120163540087,0.3064469062215,0.3765944855039942,0.7204886416123008,0.6139062471979272,0.11905539462748624,-20.783205490226262,0.7392725525090253,211671,1,0,4
track_4929,136.6982954712482,0.6976931568636133,0.5952203868822394,0.5257720691242015,0.3478513426179019,0.06369438749651803,-20.746365785462785,0.8351450014256215,225050,0,1,4
track_4930,125.50886188439164,0.7099049088481826,0.41803944421190425,0.5066141612251216,0.047205726877586306,0.1608459176513632,-10.702903668663858,0.667395475904758,400094,7,1,4
track_4931,77.66065533798985,0.3318333743280655,0.3301970466161541,0.39846496777409285,0.016964932025279177,0.14627222095441814,-13.250584997855773,0.548177117806745,177654,4,1,4
track_4932,156.9428625309703,0.31484921396867016,0.4588335066358306,0.43437534925076554,0.13839637205241592,0.215751540516171,-12.760718993913983,0.2341181561788686,309209,7,1,3
track_4933,121.08904296624819,0.6551847653952864,0.6594557311645927,0.4410644314302581,0.09050783371247625,0.4127176138594406,-15.140480610978656,0.37302064044851896,205638,2,1,4
track_4934,93.42483676165135,0.8282815083519901,0.7400965961946542,0.49209149264564334,0.3395796495799429,0.48505976012250307,-16.4382621290811,0.23234075879974897,337032,0,1,4
track_4935,84.95189984084107,0.38253707768928813,0.6339913868926655,0.33653406816491493,0.11393672248441104,0.03192488739433462,-13.279153143060332,0.1604366187370095,122565,6,1,3
track_4936,112.70351344541571,0.707735441869499,0.5008702702986554,0.2891511558494644,0.08258336797376703,0.14719836999745511,-14.206528598741592,0.11319640271874296,401459,9,1,4
track_4937,54.868227454846355,0.5676249547369451,0.3434656860578291,0.2040746164693397,0.5626768425535436,0.3643120816942677,-18.578828460143743,0.41348274427125437,163736,2,1,4
track_4938,125.99019826058588,0.3299928117916962,0.6984183632345188,0.4372833291874486,0.4536419818813748,0.21288816443876626,-24.069502613429165,0.5912307202214151,227847,0,1,4
track_4939,76.3928755591792,0.963870238246168,0.6461073411819175,0.19191410761869795,0.19389467453798326,0.14748363766085146,-18.209163578482347,0.4741106411200769,230371,3,0,4
track_4940,116.1182432647286,0.5056986313145966,0.7329081222871564,0.23449489335089235,0.224426389134243,0.03972155550826747,-13.081079630285238,0.43224462772678546,126545,2,0,4
track_4941,89.35138987925521,0.871264350525664,0.7035854276509046,0.4748535633922661,0.26332715810389795,0.02,-9.038337697874384,0.17920002358938672,319418,5,0,4
track_4942,97.06743861825889,0.8635402853559336,0.46278231470179526,0.6438268000441456,0.5031270548645675,0.16870776865973935,-25.994101717475218,0.6358863290538481,314331,11,1,4
track_4943,82.29270381704805,0.7879423163643314,0.7034894613420809,0.1489156053339947,0.12376117308694928,0.395363976394522,-17.020370599593537,0.5627399961544911,145180,10,0,4
track_4944,100.16311706457596,0.7810948144227252,0.15564379011080476,0.3527429102507246,0.07799948597246766,0.24724184671287172,-12.736289913564665,0.30530022326593104,334535,5,0,4
track_4945,161.68138638052062,0.1524180418585982,0.21055669906400196,0.038825503405603916,0.6643622413165382,0.02,-13.282433403375551,0.08858750605852976,206250,11,1,4
track_4946,146.55178881145923,0.3487629315520166,0.6739887045968362,0.17879498488058485,0.27898891043808066,0.08378383181042898,-13.696184317434458,0.7341547135583146,367429,5,0,4
track_4947,115.6343686498637,0.15067902476493317,0.6314687706944463,0.15412286149170926,0.5642960037450439,0.13982476050096787,-17.16748398281394,0.8772967871142939,292048,10,0,4
track_4948,104.24117203305143,0.4342378461534943,0.3333672302045669,0.5516185065102471,0.12553894019384168,0.052191506109651314,-18.68627804887612,0.44484107676981166,224481,4,0,4
track_4949,130.32603572078654,0.45752886806211673,0.20747215976009478,0.1827971953060842,0.061516470191055245,0.02,-11.331098575230863,0.24826688681820372,149422,0,0,3
track_4950,138.8991118232267,0.7841298544210459,0.12973303454485172,0.20423494627464106,0.48900586753108893,0.32656048077335625,-12.642502671551853,0.3165815861806503,260059,1,1,4
track_4951,80.10544853377412,0.6488804354715825,0.8194992047731114,0.3899795567435033,8.404935198895167e-05,0.3127658090229015,-14.468583047731666,0.2937216655548579,209921,4,1,4
track_4952,102.67683397103393,0.8294061645821084,0.6244001199968653,0.08659802714058078,0.13193062278120976,0.10719470417595071,-2.016132966735398,0.5774772283808465,326018,9,1,4
track_4953,50.34125311295759,0.33910207857084934,0.24492914167844732,0.5765936072491802,0.0559896849833881,0.059700683360695526,-6.717590652016856,0.2356377896917996,188584,3,1,5
track_4954,138.69306330782683,0.4375947172360567,0.5522113334205319,0.61130718939312,0.5088209326255166,0.07593102529291858,-11.05915341525083,0.6957852464636088,304101,5,1,4
track_4955,166.95072773102567,0.23301799351780367,0.31902729092427223,0.40777866697769766,0.07085710717500429,0.4060490982228278,-8.460846949123138,0.2940766951009931,177215,0,1,5
track_4956,107.40247873869257,0.21636646187100936,0.14879375147864052,0.7477921275214147,0.8727150072997358,0.02,-10.122915463431783,0.3400725189263435,267334,1,1,4
track_4957,41.24969625290951,0.5294195359973424,0.5161795032144267,0.02316425694382653,0.15048601380515142,0.041991161144993246,-15.648802197417671,0.8052505262071071,131364,4,1,4
track_4958,123.26671549731094,0.7412046782602144,0.9767029391060799,0.5627279699971736,0.019884105525151154,0.06504321438949685,-20.681706897443004,0.6870189844315382,408561,7,1,4
track_4959,77.87732501552759,0.557504781026617,0.7509705376699608,0.3338374414539327,0.20121951964991677,0.3646571612881061,-8.218267860623397,0.30213880778648977,399936,4,1,4
track_4960,85.0995167500662,0.4050193805865996,0.6663490126813041,0.4843425759323758,0.3216794091094503,0.02415753385635986,-14.08878249081886,0.28222994627185743,201419,8,1,4
track_4961,123.79729169373012,0.5163700212182449,0.2912528440893192,0.20146697784159448,0.07571490057182537,0.6146524574940361,-8.600134659258977,0.38256216640902757,397753,3,1,4
track_4962,112.63662376538173,0.5450829593624459,0.4906886753931328,0.13238332077681167,0.055597535425124085,0.10953923200733046,-9.089933958767272,0.9111539547817057,170347,0,1,4
track_4963,90.35673673984195,0.37161111900483296,0.8610811541945433,0.6744615432741321,0.42412157396204214,0.27043969165410453,-23.00307429495384,0.614172609057206,273502,9,0,4
track_4964,85.51183102195007,0.28577848332734856,0.575091142443293,0.6233588211123313,0.19151700183157308,0.39201705073371307,-10.234955652880519,0.8684306647236749,166728,9,1,4
track_4965,108.77508165662498,0.07851849392397418,0.26211844650992683,0.5021796819447895,0.10814386456546961,0.23777041162817406,-3.5983556522802544,0.23104478840393783,270867,5,1,4
track_4966,92.71603342462898,0.2725708956370043,0.7488893335128112,0.40211484684964505,0.053215099636970985,0.21452119173069706,-15.070850921124427,0.46978621310612145,389824,2,0,4
track_4967,71.72288599190978,0.7485041128361342,0.7337842232959285,0.7946042412495359,0.5092448652593805,0.09896799143959455,-11.913086765949345,0.6623056789320659,126515,9,0,5
track_4968,95.0231045556492,0.28580311490349947,0.22711891718251764,0.7172545393984919,0.11605185471118686,0.271901050011372,-7.755274436816878,0.57895040423402,121396,5,0,4
track_4969,115.18777869765552,0.45606816595116106,0.5497497403599773,0.2439058864246494,0.45683078975106545,0.02,-22.77697117884966,0.5360481948203717,199813,0,1,4
track_4970,99.656895995411,0.2635136264794296,0.8319543055746381,0.48973657999980247,0.10339581288907992,0.26724642370922913,-26.209021131074184,0.8268365880990162,190624,6,0,4
track_4971,62.594742052554444,0.2845524430246696,0.3824808232035904,0.612721496977389,0.08511551140183027,0.02,-14.924889524013434,0.8355393597892979,351955,6,1,4
track_4972,134.6719386412662,0.6351030654255807,0.8490247328174451,0.27149682656982765,0.2075811454452269,0.10462157810172824,-23.39144956686387,0.49038757357417045,234121,2,1,4
track_4973,40.0,0.19136685893271504,0.7757497433411575,0.5960046577070979,0.0047108911965771,0.03103483410914867,-5.91847786312387,0.7807772447329469,383232,7,0,4
track_4974,91.60904534914694,0.36613490504065005,0.5309095881997483,0.42943803249092255,0.19590272982699575,0.06870106344831965,-8.828905077275628,0.6632962553854143,244412,6,1,3
track_4975,86.39404636338253,0.22335657055035682,0.5804900071007066,0.5937860076975172,0.0012709331203418772,0.24376637810986435,-6.187421069694241,0.3518476963455299,349388,11,0,4
track_4976,109.44536633614244,0.5087946129440698,0.18457017597064937,0.4477718135657604,0.8111091079244218,0.13575184652228706,-14.262177079835016,0.9881572229582571,373953,8,1,4
track_4977,121.84985423408206,0.44244235905311563,0.37677235936293274,0.2275894447389404,0.07706778638472135,0.1033457342600793,-7.265224565767136,0.31641665416815595,261152,9,0,4
track_4978,138.80294424783105,0.662193937963996,0.26325623150367605,0.35277773752364966,0.025978395720803873,0.36714535421286104,-13.438424532100004,0.7857633748820788,236327,10,0,4
track_4979,83.6278537994352,0.6842135197289695,0.4543197087261986,0.318863561056247,0.19997425834286076,0.6449577819124755,-11.591631995186795,0.23724250143214917,301853,11,0,4
track_4980,122.59747012000446,0.8801553123010349,0.6013878637543395,0.7591741311755792,0.17331835392560618,0.1256001630956717,-1.137970057201505,0.395250915991481,397270,7,1,4
track_4981,110.87455163644384,0.386426055158653,0.26585788319033277,0.11968913410791719,0.4896864389032155,0.16703833534652973,-21.525081044597123,0.09134737056895124,234242,8,1,3
track_4982,53.6538187445033,0.5974629134674332,0.20182630722140077,0.16100355130031307,0.43670231094647743,0.02,-3.5743302545141162,0.35861324043865295,122082,0,0,4
track_4983,162.0162076630233,0.27733615382289695,0.5007418200559157,0.3768715350671543,0.24096046367577492,0.1185247553038418,-25.260389470164043,0.5132524508546995,293388,10,1,4
track_4984,61.836746182794016,0.41758006549903215,0.4622668055262781,0.1244224970091433,0.15015410169344867,0.1394854094181033,-14.089140112478889,0.43230444388976724,254434,5,0,3
track_4985,117.58491816929146,0.2692968366224464,0.4374908295064654,0.6328061531192066,0.6671880142447292,0.028720862689661293,-10.635980641509242,0.6914802352900677,191416,9,0,4
track_4986,116.69879832593243,0.5951132756707836,0.7719871234830328,0.31695072457461604,0.3215527509396817,0.4390964073368887,-16.952889054461092,0.2761593130646427,277279,2,1,5
track_4987,113.2691034698723,0.8570215267416975,0.3320550008763496,0.4046660117632802,0.4451339918251889,0.1422728195100899,-12.275073831276616,0.42067434398523545,368864,0,1,4
track_4988,90.16269353515177,0.5827198356626505,0.62128605682307,0.18228254811805167,0.25883928402754347,0.30182621633446194,-11.782336730838235,0.6215003454393436,383251,3,1,4
track_4989,129.81757953421507,0.6008208070200978,0.5019001203510879,0.44843727921488513,0.7896843334559529,0.07208969443231829,-10.274746274399618,0.3838629506001344,227218,0,1,3
track_4990,58.188975781707136,0.08305257694542043,0.45153979078769585,0.5494379690871436,0.131625209935621,0.04424235576944897,-15.192584835781494,0.5540533065600802,217046,0,0,4
track_4991,103.0251363397823,0.7309683915891128,0.7807208185695234,0.44300911643165514,0.8484364925759295,0.06358226093015178,-18.07087334688866,0.2543396145421221,262774,6,0,4
track_4992,88.08375970342624,0.23609912759042068,0.5869656245216377,0.2593745898088796,0.5502978315824658,0.029522890732997416,-12.865139949551455,0.20546724261278773,323580,5,0,4
track_4993,84.68106173798905,0.8820568663809015,0.3974952081476657,0.051874303248211434,0.13342949397142545,0.029757354620690575,-15.925698590405071,0.03436335612049713,351482,11,1,3
track_4994,117.86243362360638,0.37489956343064124,0.46459499598792925,0.43098050191540344,0.3161861210514401,0.6011150710098628,-13.824250919001152,0.14230697422263264,196233,11,1,4
track_4995,137.3243562815905,0.5313734348992226,0.4973396410696966,0.4809889284566716,0.12998171779237036,0.10309749151536589,-15.854657402612208,0.6793547985874903,393608,0,0,4
track_4996,94.70232714489401,0.6284049373048586,0.2587131547645414,0.21107888169216985,0.20486899388623928,0.06470651405812163,-12.795928773194627,0.720922191645979,152137,8,1,4
track_4997,128.42043269777332,0.7367736264795669,0.6992886711498035,0.11022870406585594,0.33418505043926466,0.09856637169567888,-17.631866186065288,0.5120781394484677,162776,8,0,3
track_4998,106.49221996333796,0.796591450538736,0.6968403200810269,0.17633260293038655,0.2611584366108207,0.02,-16.865086959206632,0.3825735531538427,361653,3,0,4
track_4999,78.21803372285974,0.38980864515477903,0.3676850003281642,0.389231291749728,0.1501331633620788,0.3086196780329917,-20.652396076134472,0.07172520939471927,152888,6,1,4
